Freq hz	                  ampiezza dB              fase gradi
1.00000000000000e+01	2.15117419111966e+01	1.79260461258441e+02
1.02329299228075e+01	2.15117082919056e+01	1.79243237127142e+02
1.04712854805090e+01	2.15116730884652e+01	1.79225611932935e+02
1.07151930523761e+01	2.15116362262436e+01	1.79207576343778e+02
1.09647819614319e+01	2.15115976270943e+01	1.79189120810966e+02
1.12201845430196e+01	2.15115572091908e+01	1.79170235564138e+02
1.14815362149688e+01	2.15115148868533e+01	1.79150910606164e+02
1.17489755493953e+01	2.15114705703675e+01	1.79131135707923e+02
1.20226443461741e+01	2.15114241657946e+01	1.79110900402960e+02
1.23026877081238e+01	2.15113755747731e+01	1.79090193982027e+02
1.25892541179417e+01	2.15113246943098e+01	1.79069005487499e+02
1.28824955169313e+01	2.15112714165631e+01	1.79047323707663e+02
1.31825673855641e+01	2.15112156286139e+01	1.79025137170881e+02
1.34896288259165e+01	2.15111572122277e+01	1.79002434139629e+02
1.38038426460288e+01	2.15110960436041e+01	1.78979202604390e+02
1.41253754462275e+01	2.15110319931154e+01	1.78955430277428e+02
1.44543977074593e+01	2.15109649250324e+01	1.78931104586407e+02
1.47910838816821e+01	2.15108946972381e+01	1.78906212667886e+02
1.51356124843621e+01	2.15108211609268e+01	1.78880741360655e+02
1.54881661891248e+01	2.15107441602904e+01	1.78854677198937e+02
1.58489319246111e+01	2.15106635321888e+01	1.78828006405435e+02
1.62181009735893e+01	2.15105791058060e+01	1.78800714884227e+02
1.65958690743756e+01	2.15104907022893e+01	1.78772788213511e+02
1.69824365246174e+01	2.15103981343717e+01	1.78744211638187e+02
1.73780082874937e+01	2.15103012059770e+01	1.78714970062279e+02
1.77827941003892e+01	2.15101997118061e+01	1.78685048041203e+02
1.81970085860998e+01	2.15100934369042e+01	1.78654429773856e+02
1.86208713666287e+01	2.15099821562075e+01	1.78623099094544e+02
1.90546071796325e+01	2.15098656340689e+01	1.78591039464739e+02
1.94984459975804e+01	2.15097436237615e+01	1.78558233964659e+02
1.99526231496888e+01	2.15096158669588e+01	1.78524665284666e+02
2.04173794466953e+01	2.15094820931910e+01	1.78490315716499e+02
2.08929613085404e+01	2.15093420192757e+01	1.78455167144304e+02
2.13796208950223e+01	2.15091953487217e+01	1.78419201035496e+02
2.18776162394955e+01	2.15090417711058e+01	1.78382398431425e+02
2.23872113856834e+01	2.15088809614199e+01	1.78344739937846e+02
2.29086765276777e+01	2.15087125793881e+01	1.78306205715210e+02
2.34422881531992e+01	2.15085362687518e+01	1.78266775468745e+02
2.39883291901949e+01	2.15083516565218e+01	1.78226428438347e+02
2.45470891568503e+01	2.15081583521952e+01	1.78185143388265e+02
2.51188643150958e+01	2.15079559469369e+01	1.78142898596591e+02
2.57039578276886e+01	2.15077440127216e+01	1.78099671844537e+02
2.63026799189538e+01	2.15075221014378e+01	1.78055440405509e+02
2.69153480392691e+01	2.15072897439487e+01	1.78010181033974e+02
2.75422870333816e+01	2.15070464491107e+01	1.77963869954112e+02
2.81838293126445e+01	2.15067917027462e+01	1.77916482848263e+02
2.88403150312660e+01	2.15065249665685e+01	1.77867994845156e+02
2.95120922666638e+01	2.15062456770580e+01	1.77818380507927e+02
3.01995172040201e+01	2.15059532442856e+01	1.77767613821920e+02
3.09029543251359e+01	2.15056470506825e+01	1.77715668182277e+02
3.16227766016838e+01	2.15053264497534e+01	1.77662516381311e+02
3.23593656929628e+01	2.15049907647300e+01	1.77608130595663e+02
3.31131121482591e+01	2.15046392871634e+01	1.77552482373245e+02
3.38844156139202e+01	2.15042712754517e+01	1.77495542619974e+02
3.46736850452531e+01	2.15038859532997e+01	1.77437281586289e+02
3.54813389233575e+01	2.15034825081092e+01	1.77377668853460e+02
3.63078054770101e+01	2.15030600892945e+01	1.77316673319691e+02
3.71535229097172e+01	2.15026178065226e+01	1.77254263186018e+02
3.80189396320561e+01	2.15021547278719e+01	1.77190405942003e+02
3.89045144994280e+01	2.15016698779081e+01	1.77125068351233e+02
3.98107170553497e+01	2.15011622356727e+01	1.77058216436632e+02
4.07380277804112e+01	2.15006307325803e+01	1.76989815465582e+02
4.16869383470335e+01	2.15000742502206e+01	1.76919829934861e+02
4.26579518801592e+01	2.14994916180623e+01	1.76848223555419e+02
4.36515832240165e+01	2.14988816110523e+01	1.76774959236984e+02
4.46683592150962e+01	2.14982429471085e+01	1.76699999072510e+02
4.57088189614874e+01	2.14975742844994e+01	1.76623304322493e+02
4.67735141287197e+01	2.14968742191068e+01	1.76544835399144e+02
4.78630092322638e+01	2.14961412815671e+01	1.76464551850450e+02
4.89778819368445e+01	2.14953739342850e+01	1.76382412344125e+02
5.01187233627271e+01	2.14945705683151e+01	1.76298374651480e+02
5.12861383991364e+01	2.14937295001057e+01	1.76212395631215e+02
5.24807460249772e+01	2.14928489681001e+01	1.76124431213166e+02
5.37031796370252e+01	2.14919271291871e+01	1.76034436382015e+02
5.49540873857623e+01	2.14909620549982e+01	1.75942365160995e+02
5.62341325190348e+01	2.14899517280423e+01	1.75848170595619e+02
5.75439937337156e+01	2.14888940376738e+01	1.75751804737442e+02
5.88843655355588e+01	2.14877867758851e+01	1.75653218627908e+02
6.02559586074357e+01	2.14866276329200e+01	1.75552362282303e+02
6.16595001861481e+01	2.14854141926980e+01	1.75449184673842e+02
6.30957344480192e+01	2.14841439280446e+01	1.75343633717947e+02
6.45654229034654e+01	2.14828141957190e+01	1.75235656256743e+02
6.60693448007595e+01	2.14814222312324e+01	1.75125198043816e+02
6.76082975391980e+01	2.14799651434498e+01	1.75012203729288e+02
6.91830970918935e+01	2.14784399089668e+01	1.74896616845259e+02
7.07945784384136e+01	2.14768433662535e+01	1.74778379791668e+02
7.24435960074988e+01	2.14751722095583e+01	1.74657433822632e+02
7.41310241300916e+01	2.14734229825634e+01	1.74533719033336e+02
7.58577575029182e+01	2.14715920717830e+01	1.74407174347533e+02
7.76247116628690e+01	2.14696756996972e+01	1.74277737505735e+02
7.94328234724279e+01	2.14676699176127e+01	1.74145345054162e+02
8.12830516164097e+01	2.14655705982417e+01	1.74009932334562e+02
8.31763771102669e+01	2.14633734279920e+01	1.73871433474950e+02
8.51138038202374e+01	2.14610738989590e+01	1.73729781381406e+02
8.70963589956078e+01	2.14586673006120e+01	1.73584907731007e+02
8.91250938133743e+01	2.14561487111668e+01	1.73436742966011e+02
9.12010839355907e+01	2.14535129886372e+01	1.73285216289419e+02
9.33254300796988e+01	2.14507547615573e+01	1.73130255662024e+02
9.54992586021433e+01	2.14478684193684e+01	1.72971787801093e+02
9.77237220955808e+01	2.14448481024626e+01	1.72809738180820e+02
9.99999999999997e+01	2.14416876918779e+01	1.72644031034695e+02
1.02329299228075e+02	2.14383807986382e+01	1.72474589359950e+02
1.04712854805090e+02	2.14349207527333e+01	1.72301334924258e+02
1.07151930523760e+02	2.14313005917353e+01	1.72124188274844e+02
1.09647819614318e+02	2.14275130490464e+01	1.71943068750219e+02
1.12201845430196e+02	2.14235505417764e+01	1.71757894494710e+02
1.14815362149688e+02	2.14194051582490e+01	1.71568582476018e+02
1.17489755493953e+02	2.14150686451345e+01	1.71375048506005e+02
1.20226443461741e+02	2.14105323942129e+01	1.71177207264950e+02
1.23026877081238e+02	2.14057874287668e+01	1.70974972329511e+02
1.25892541179416e+02	2.14008243896121e+01	1.70768256204651e+02
1.28824955169313e+02	2.13956335207687e+01	1.70556970359780e+02
1.31825673855640e+02	2.13902046547830e+01	1.70341025269407e+02
1.34896288259165e+02	2.13845271977109e+01	1.70120330458576e+02
1.38038426460288e+02	2.13785901137750e+01	1.69894794553385e+02
1.41253754462275e+02	2.13723819097117e+01	1.69664325336905e+02
1.44543977074592e+02	2.13658906188280e+01	1.69428829810813e+02
1.47910838816820e+02	2.13591037847889e+01	1.69188214263069e+02
1.51356124843620e+02	2.13520084451630e+01	1.68942384341988e+02
1.54881661891248e+02	2.13445911147538e+01	1.68691245137037e+02
1.58489319246111e+02	2.13368377687528e+01	1.68434701266733e+02
1.62181009735892e+02	2.13287338257517e+01	1.68172656973992e+02
1.65958690743755e+02	2.13202641306564e+01	1.67905016229312e+02
1.69824365246174e+02	2.13114129375524e+01	1.67631682842142e+02
1.73780082874937e+02	2.13021638925742e+01	1.67352560580838e+02
1.77827941003892e+02	2.12925000168397e+01	1.67067553301560e+02
1.81970085860998e+02	2.12824036895134e+01	1.66776565086492e+02
1.86208713666286e+02	2.12718566310734e+01	1.66479500391748e+02
1.90546071796324e+02	2.12608398868586e+01	1.66176264205332e+02
1.94984459975804e+02	2.12493338109843e+01	1.65866762215482e+02
1.99526231496887e+02	2.12373180507192e+01	1.65550900989745e+02
2.04173794466952e+02	2.12247715314251e+01	1.65228588165088e+02
2.08929613085403e+02	2.12116724421694e+01	1.64899732649329e+02
2.13796208950222e+02	2.11979982221271e+01	1.64564244834156e+02
2.18776162394954e+02	2.11837255478984e+01	1.64222036819938e+02
2.23872113856833e+02	2.11688303218773e+01	1.63873022652531e+02
2.29086765276776e+02	2.11532876618116e+01	1.63517118572200e+02
2.34422881531991e+02	2.11370718917080e+01	1.63154243274737e+02
2.39883291901948e+02	2.11201565342403e+01	1.62784318184802e+02
2.45470891568502e+02	2.11025143048278e+01	1.62407267741430e+02
2.51188643150957e+02	2.10841171075604e+01	1.62023019695582e+02
2.57039578276885e+02	2.10649360331514e+01	1.61631505419520e+02
2.63026799189537e+02	2.10449413591076e+01	1.61232660227722e+02
2.69153480392690e+02	2.10241025523116e+01	1.60826423708901e+02
2.75422870333816e+02	2.10023882742145e+01	1.60412740068638e+02
2.81838293126444e+02	2.09797663888452e+01	1.59991558481977e+02
2.88403150312659e+02	2.09562039738391e+01	1.59562833455225e+02
2.95120922666637e+02	2.09316673346951e+01	1.59126525196055e+02
3.01995172040200e+02	2.09061220224666e+01	1.58682599990872e+02
3.09029543251358e+02	2.08795328550893e+01	1.58231030588248e+02
3.16227766016837e+02	2.08518639425462e+01	1.57771796587079e+02
3.23593656929627e+02	2.08230787160601e+01	1.57304884827950e+02
3.31131121482590e+02	2.07931399614953e+01	1.56830289786041e+02
3.38844156139201e+02	2.07620098571408e+01	1.56348013963714e+02
3.46736850452530e+02	2.07296500160262e+01	1.55858068280794e+02
3.54813389233574e+02	2.06960215329081e+01	1.55360472460345e+02
3.63078054770100e+02	2.06610850360410e+01	1.54855255407607e+02
3.71535229097171e+02	2.06248007438221e+01	1.54342455579607e+02
3.80189396320559e+02	2.05871285263703e+01	1.53822121342781e+02
3.89045144994279e+02	2.05480279720691e+01	1.53294311315836e+02
3.98107170553495e+02	2.05074584590671e+01	1.52759094694951e+02
4.07380277804111e+02	2.04653792316917e+01	1.52216551558302e+02
4.16869383470333e+02	2.04217494816886e+01	1.51666773146834e+02
4.26579518801591e+02	2.03765284341576e+01	1.51109862118122e+02
4.36515832240164e+02	2.03296754380047e+01	1.50545932770165e+02
4.46683592150961e+02	2.02811500606853e+01	1.49975111231918e+02
4.57088189614873e+02	2.02309121869566e+01	1.49397535617449e+02
4.67735141287196e+02	2.01789221213104e+01	1.48813356140644e+02
4.78630092322636e+02	2.01251406937010e+01	1.48222735187512e+02
4.89778819368444e+02	2.00695293681307e+01	1.47625847343303e+02
5.01187233627270e+02	2.00120503536039e+01	1.47022879371826e+02
5.12861383991362e+02	1.99526667169101e+01	1.46414030144618e+02
5.24807460249770e+02	1.98913424966489e+01	1.45799510517879e+02
5.37031796370250e+02	1.98280428178637e+01	1.45179543155430e+02
5.49540873857622e+02	1.97627340066141e+01	1.44554362296295e+02
5.62341325190346e+02	1.96953837037794e+01	1.43924213465950e+02
5.75439937337154e+02	1.96259609773575e+01	1.43289353130670e+02
5.88843655355586e+02	1.95544364325045e+01	1.42650048294934e+02
6.02559586074355e+02	1.94807823185419e+01	1.42006576042288e+02
6.16595001861479e+02	1.94049726321570e+01	1.41359223020633e+02
6.30957344480190e+02	1.93269832160216e+01	1.40708284873385e+02
6.45654229034652e+02	1.92467918520710e+01	1.40054065618531e+02
6.60693448007592e+02	1.91643783487026e+01	1.39396876978107e+02
6.76082975391978e+02	1.90797246211892e+01	1.38737037661147e+02
6.91830970918933e+02	1.89928147646415e+01	1.38074872603672e+02
7.07945784384134e+02	1.89036351189034e+01	1.37410712169741e+02
7.24435960074986e+02	1.88121743248268e+01	1.36744891318030e+02
7.41310241300914e+02	1.87184233714348e+01	1.36077748738794e+02
7.58577575029180e+02	1.86223756335610e+01	1.35409625966431e+02
7.76247116628688e+02	1.85240268996294e+01	1.34740866473116e+02
7.94328234724277e+02	1.84233753893283e+01	1.34071814749232e+02
8.12830516164095e+02	1.83204217610178e+01	1.33402815376459e+02
8.31763771102666e+02	1.82151691088059e+01	1.32734212099481e+02
8.51138038202372e+02	1.81076229493162e+01	1.32066346902284e+02
8.70963589956076e+02	1.79977911982683e+01	1.31399559094949e+02
8.91250938133741e+02	1.78856841370777e+01	1.30734184416754e+02
9.12010839355905e+02	1.77713143697725e+01	1.30070554161150e+02
9.33254300796986e+02	1.76546967706050e+01	1.29408994327977e+02
9.54992586021431e+02	1.75358484228162e+01	1.28749824807913e+02
9.77237220955805e+02	1.74147885490780e+01	1.28093358603817e+02
9.99999999999994e+02	1.72915384342044e+01	1.27439901093195e+02
1.02329299228075e+03	1.71661213407746e+01	1.26789749335540e+02
1.04712854805089e+03	1.70385624183576e+01	1.26143191427846e+02
1.07151930523760e+03	1.69088886070634e+01	1.25500505911051e+02
1.09647819614318e+03	1.67771285361722e+01	1.24861961229650e+02
1.12201845430196e+03	1.66433124186105e+01	1.24227815246185e+02
1.14815362149688e+03	1.65074719420492e+01	1.23598314811788e+02
1.17489755493952e+03	1.63696401573981e+01	1.22973695393425e+02
1.20226443461741e+03	1.62298513654603e+01	1.22354180757990e+02
1.23026877081237e+03	1.60881410024923e+01	1.21739982712918e+02
1.25892541179416e+03	1.59445455253885e+01	1.21131300902515e+02
1.28824955169313e+03	1.57991022971797e+01	1.20528322658805e+02
1.31825673855640e+03	1.56518494734927e+01	1.19931222905295e+02
1.34896288259165e+03	1.55028258905813e+01	1.19340164111714e+02
1.38038426460288e+03	1.53520709554869e+01	1.18755296297497e+02
1.41253754462275e+03	1.51996245388422e+01	1.18176757081497e+02
1.44543977074592e+03	1.50455268707775e+01	1.17604671775224e+02
1.47910838816820e+03	1.48898184403364e+01	1.17039153516717e+02
1.51356124843620e+03	1.47325398987567e+01	1.16480303442027e+02
1.54881661891247e+03	1.45737319669166e+01	1.15928210891205e+02
1.58489319246110e+03	1.44134353471980e+01	1.15382953645635e+02
1.62181009735892e+03	1.42516906399636e+01	1.14844598193527e+02
1.65958690743755e+03	1.40885382648023e+01	1.14313200020414e+02
1.69824365246173e+03	1.39240183866447e+01	1.13788803921532e+02
1.73780082874936e+03	1.37581708468149e+01	1.13271444333029e+02
1.77827941003891e+03	1.35910350990375e+01	1.12761145679068e+02
1.81970085860997e+03	1.34226501503879e+01	1.12257922731964e+02
1.86208713666286e+03	1.32530545071366e+01	1.11761780982662e+02
1.90546071796323e+03	1.30822861254108e+01	1.11272717018981e+02
1.94984459975803e+03	1.29103823665693e+01	1.10790718909211e+02
1.99526231496887e+03	1.27373799571618e+01	1.10315766588820e+02
2.04173794466952e+03	1.25633149533276e+01	1.09847832248169e+02
2.08929613085403e+03	1.23882227094681e+01	1.09386880719327e+02
2.13796208950222e+03	1.22121378510161e+01	1.08932869860231e+02
2.18776162394954e+03	1.20350942511145e+01	1.08485750934602e+02
2.23872113856832e+03	1.18571250110057e+01	1.08045468986200e+02
2.29086765276776e+03	1.16782624439309e+01	1.07611963206152e+02
2.34422881531991e+03	1.14985380623333e+01	1.07185167292249e+02
2.39883291901947e+03	1.13179825681562e+01	1.06765009799232e+02
2.45470891568501e+03	1.11366258460305e+01	1.06351414479263e+02
2.51188643150956e+03	1.09544969591450e+01	1.05944300611871e+02
2.57039578276885e+03	1.07716241475968e+01	1.05543583322813e+02
2.63026799189536e+03	1.05880348290260e+01	1.05149173891384e+02
2.69153480392690e+03	1.04037556013388e+01	1.04760980045832e+02
2.75422870333815e+03	1.02188122473359e+01	1.04378906246621e+02
2.81838293126443e+03	1.00332297410650e+01	1.04002853957376e+02
2.88403150312658e+03	9.84703225572576e+00	1.03632721903431e+02
2.95120922666636e+03	9.66024317296346e+00	1.03268406317956e+02
3.01995172040199e+03	9.47288509339496e+00	1.02909801175723e+02
3.09029543251357e+03	9.28497984821956e+00	1.02556798414620e+02
3.16227766016836e+03	9.09654851177531e+00	1.02209288145071e+02
3.23593656929626e+03	8.90761141490979e+00	1.01867158847559e+02
3.31131121482589e+03	8.71818815904293e+00	1.01530297558502e+02
3.38844156139200e+03	8.52829763080719e+00	1.01198590044750e+02
3.46736850452529e+03	8.33795801715885e+00	1.00871920967000e+02
3.54813389233573e+03	8.14718682086157e+00	1.00550174032457e+02
3.63078054770099e+03	7.95600087625102e+00	1.00233232137073e+02
3.71535229097170e+03	7.76441636519672e+00	9.99209774977159e+01
3.80189396320558e+03	7.57244883318386e+00	9.96132917746410e+01
3.89045144994278e+03	7.38011320544462e+00	9.93100561846211e+01
3.98107170553494e+03	7.18742380307463e+00	9.90111516051161e+01
4.07380277804110e+03	6.99439435907632e+00	9.87164586698544e+01
4.16869383470332e+03	6.80103803427617e+00	9.84258578561994e+01
4.26579518801589e+03	6.60736743306814e+00	9.81392295646727e+01
4.36515832240162e+03	6.41339461894076e+00	9.78564541909996e+01
4.46683592150960e+03	6.21913112974926e+00	9.75774121910365e+01
4.57088189614871e+03	6.02458799269903e+00	9.73019841389365e+01
4.67735141287194e+03	5.82977573901001e+00	9.70300507788942e+01
4.78630092322634e+03	5.63470441823558e+00	9.67614930708094e+01
4.89778819368442e+03	5.43938361221269e+00	9.64961922301952e+01
5.01187233627268e+03	5.24382244862293e+00	9.62340297626463e+01
5.12861383991361e+03	5.04802961414717e+00	9.59748874931750e+01
5.24807460249768e+03	4.85201336719881e+00	9.57186475907108e+01
5.37031796370248e+03	4.65578155022288e+00	9.54651925880458e+01
5.49540873857620e+03	4.45934160155052e+00	9.52144053975038e+01
5.62341325190344e+03	4.26270056680001e+00	9.49661693225930e+01
5.75439937337152e+03	4.06586510981712e+00	9.47203680658960e+01
5.88843655355584e+03	3.86884152314939e+00	9.44768857334403e+01
6.02559586074353e+03	3.67163573804971e+00	9.42356068357790e+01
6.16595001861477e+03	3.47425333400617e+00	9.39964162860052e+01
6.30957344480188e+03	3.27669954779589e+00	9.37591993949122e+01
6.45654229034650e+03	3.07897928206136e+00	9.35238418635012e+01
6.60693448007590e+03	2.88109711340886e+00	9.32902297730327e+01
6.76082975391976e+03	2.68305730002865e+00	9.30582495728056e+01
6.91830970918931e+03	2.48486378883766e+00	9.28277880658420e+01
7.07945784384132e+03	2.28652022214532e+00	9.25987323926485e+01
7.24435960074984e+03	2.08802994384384e+00	9.23709700132157e+01
7.41310241300911e+03	1.88939600512446e+00	9.21443886874130e+01
7.58577575029177e+03	1.69062116972098e+00	9.19188764539291e+01
7.76247116628685e+03	1.49170791868259e+00	9.16943216079007e+01
7.94328234724275e+03	1.29265845467756e+00	9.14706126773709e+01
8.12830516164092e+03	1.09347470582945e+00	9.12476383987098e+01
8.31763771102664e+03	8.94158329087716e-01	9.10252876911291e+01
8.51138038202369e+03	6.94710713134128e-01	9.08034496304151e+01
8.70963589956073e+03	4.95132980826423e-01	9.05820134220056e+01
8.91250938133738e+03	2.95425991180598e-01	9.03608683735287e+01
9.12010839355902e+03	9.55903408928192e-02	9.01399038669237e+01
9.33254300796983e+03	-1.04373634598152e-01	8.99190093302588e+01
9.54992586021428e+03	-3.04465860507280e-01	8.96980742093621e+01
9.77237220955802e+03	-5.04686522557991e-01	8.94769879393784e+01
9.99999999999991e+03	-7.05036067294996e-01	8.92556399163674e+01
1.02329299228075e+04	-9.05515202855359e-01	8.90339194690565e+01
1.04712854805089e+04	-1.10612490019798e+00	8.88117158308625e+01
1.07151930523760e+04	-1.30686639479203e+00	8.85889181122997e+01
1.09647819614318e+04	-1.50774118876489e+00	8.83654152738902e+01
1.12201845430195e+04	-1.70875105351076e+00	8.81410960996970e+01
1.14815362149687e+04	-1.90989803276066e+00	8.79158491716023e+01
1.17489755493952e+04	-2.11118444611514e+00	8.76895628444559e+01
1.20226443461740e+04	-2.31261289304101e+00	8.74621252222233e+01
1.23026877081237e+04	-2.51418625733344e+00	8.72334241352663e+01
1.25892541179416e+04	-2.71590771204461e+00	8.70033471188935e+01
1.28824955169312e+04	-2.91778072488051e+00	8.67717813933250e+01
1.31825673855640e+04	-3.11980906406691e+00	8.65386138452177e+01
1.34896288259164e+04	-3.32199680468566e+00	8.63037310109066e+01
1.38038426460287e+04	-3.52434833548223e+00	8.60670190615240e+01
1.41253754462274e+04	-3.72686836614488e+00	8.58283637901626e+01
1.44543977074591e+04	-3.92956193505582e+00	8.55876506012594e+01
1.47910838816819e+04	-4.13243441751382e+00	8.53447645023835e+01
1.51356124843619e+04	-4.33549153442745e+00	8.50995900986189e+01
1.54881661891247e+04	-4.53873936147740e+00	8.48520115897437e+01
1.58489319246110e+04	-4.74218433874512e+00	8.46019127704138e+01
1.62181009735891e+04	-4.94583328080470e+00	8.43491770335729e+01
1.65958690743755e+04	-5.14969338727319e+00	8.40936873773141e+01
1.69824365246173e+04	-5.35377225381359e+00	8.38353264154361e+01
1.73780082874936e+04	-5.55807788358345e+00	8.35739763919403e+01
1.77827941003891e+04	-5.76261869911986e+00	8.33095191997320e+01
1.81970085860997e+04	-5.96740355465048e+00	8.30418364037932e+01
1.86208713666285e+04	-6.17244174881771e+00	8.27708092691124e+01
1.90546071796323e+04	-6.37774303780119e+00	8.24963187936609e+01
1.94984459975803e+04	-6.58331764882103e+00	8.22182457467211e+01
1.99526231496886e+04	-6.78917629400192e+00	8.19364707128785e+01
2.04173794466951e+04	-6.99533018457470e+00	8.16508741420038e+01
2.08929613085402e+04	-7.20179104538929e+00	8.13613364055556e+01
2.13796208950221e+04	-7.40857112970880e+00	8.10677378595501e+01
2.18776162394953e+04	-7.61568323425138e+00	8.07699589145451e+01
2.23872113856832e+04	-7.82314071444155e+00	8.04678801130003e+01
2.29086765276775e+04	-8.03095749982888e+00	8.01613822143758e+01
2.34422881531990e+04	-8.23914810962668e+00	7.98503462883403e+01
2.39883291901947e+04	-8.44772766831844e+00	7.95346538164615e+01
2.45470891568501e+04	-8.65671192127400e+00	7.92141868027519e+01
2.51188643150956e+04	-8.86611725031204e+00	7.88888278934462e+01
2.57039578276884e+04	-9.07596068913874e+00	7.85584605063774e+01
2.63026799189536e+04	-9.28625993858643e+00	7.82229689703197e+01
2.69153480392689e+04	-9.49703338156883e+00	7.78822386746507e+01
2.75422870333814e+04	-9.70830009766257e+00	7.75361562296778e+01
2.81838293126443e+04	-9.92007987721700e+00	7.71846096379549e+01
2.88403150312658e+04	-1.01323932348867e+01	7.68274884768945e+01
2.95120922666636e+04	-1.03452614224729e+01	7.64646840929571e+01
3.01995172040199e+04	-1.05587064409523e+01	7.60960898076673e+01
3.09029543251356e+04	-1.07727510515630e+01	7.57216011356704e+01
3.16227766016835e+04	-1.09874187858082e+01	7.53411160150029e+01
3.23593656929625e+04	-1.12027339542320e+01	7.49545350496989e+01
3.31131121482588e+04	-1.14187216538103e+01	7.45617617648028e+01
3.38844156139199e+04	-1.16354077737948e+01	7.41627028737931e+01
3.46736850452528e+04	-1.18528189998360e+01	7.37572685583541e+01
3.54813389233572e+04	-1.20709828162079e+01	7.33453727603530e+01
3.63078054770098e+04	-1.22899275059470e+01	7.29269334857949e+01
3.71535229097169e+04	-1.25096821487117e+01	7.25018731204320e+01
3.80189396320557e+04	-1.27302766161649e+01	7.20701187566027e+01
3.89045144994277e+04	-1.29517415646743e+01	7.16316025307598e+01
3.98107170553493e+04	-1.31741084251247e+01	7.11862619710329e+01
4.07380277804108e+04	-1.33974093896313e+01	7.07340403540349e+01
4.16869383470331e+04	-1.36216773949442e+01	7.02748870699907e+01
4.26579518801588e+04	-1.38469461023351e+01	6.98087579951184e+01
4.36515832240161e+04	-1.40732498737574e+01	6.93356158700449e+01
4.46683592150958e+04	-1.43006237440810e+01	6.88554306828770e+01
4.57088189614870e+04	-1.45291033892046e+01	6.83681800553920e+01
4.67735141287193e+04	-1.47587250898628e+01	6.78738496306400e+01
4.78630092322633e+04	-1.49895256909562e+01	6.73724334600892e+01
4.89778819368441e+04	-1.52215425562476e+01	6.68639343882702e+01
5.01187233627267e+04	-1.54548135182876e+01	6.63483644327165e+01
5.12861383991359e+04	-1.56893768234553e+01	6.58257451568303e+01
5.24807460249767e+04	-1.59252710720222e+01	6.52961080331500e+01
5.37031796370247e+04	-1.61625351531805e+01	6.47594947943508e+01
5.49540873857619e+04	-1.64012081750054e+01	6.42159577691721e+01
5.62341325190343e+04	-1.66413293893594e+01	6.36655602003512e+01
5.75439937337151e+04	-1.68829381117827e+01	6.31083765415389e+01
5.88843655355583e+04	-1.71260736364594e+01	6.25444927300982e+01
6.02559586074351e+04	-1.73707751463898e+01	6.19740064326318e+01
6.16595001861475e+04	-1.76170816189509e+01	6.13970272600612e+01
6.30957344480186e+04	-1.78650317270719e+01	6.08136769490866e+01
6.45654229034648e+04	-1.81146637363085e+01	6.02240895069013e+01
6.60693448007589e+04	-1.83660153981454e+01	5.96284113161102e+01
6.76082975391974e+04	-1.86191238399165e+01	5.90268011969242e+01
6.91830970918929e+04	-1.88740254517774e+01	5.84194304238615e+01
7.07945784384130e+04	-1.91307557712235e+01	5.78064826943906e+01
7.24435960074982e+04	-1.93893493656907e+01	5.71881540471954e+01
7.41310241300909e+04	-1.96498397138273e+01	5.65646527280355e+01
7.58577575029175e+04	-1.99122590860653e+01	5.59361990015043e+01
7.76247116628683e+04	-2.01766384251622e+01	5.53030249073614e+01
7.94328234724272e+04	-2.04430072274138e+01	5.46653739605284e+01
8.12830516164090e+04	-2.07113934252688e+01	5.40235007942788e+01
8.31763771102661e+04	-2.09818232720944e+01	5.33776707466329e+01
8.51138038202367e+04	-2.12543212298560e+01	5.27281593904626e+01
8.70963589956071e+04	-2.15289098604756e+01	5.20752520083347e+01
8.91250938133735e+04	-2.18056097216301e+01	5.14192430136460e+01
9.12010839355899e+04	-2.20844392677367e+01	5.07604353201414e+01
9.33254300796980e+04	-2.23654147568467e+01	5.00991396624336e+01
9.54992586021425e+04	-2.26485501641364e+01	4.94356738706604e+01
9.77237220955799e+04	-2.29338571026416e+01	4.87703621029137e+01
1.00000000000000e+05	-2.32213447518280e+01	4.81035340395427e+01
