time	                 V(out)	         Vin	          V(in A)   	 V(in B)
0.000000000000000e+00	2.945971e+00	0.000000e+00	7.971719e+00	3.985841e+00
1.000000000000000e-09	2.945971e+00	0.000000e+00	7.971719e+00	3.985841e+00
3.843999985039715e-08	2.946107e+00	1.176221e-02	7.983481e+00	3.991722e+00
7.587999970079430e-08	2.946335e+00	2.352422e-02	7.995242e+00	3.997602e+00
1.133199995511915e-07	2.946653e+00	3.528602e-02	8.007002e+00	4.003483e+00
1.507599994015886e-07	2.947063e+00	4.704761e-02	8.018762e+00	4.009362e+00
1.881999992519857e-07	2.947564e+00	5.880899e-02	8.030521e+00	4.015242e+00
2.256399991023829e-07	2.948156e+00	7.057017e-02	8.042279e+00	4.021121e+00
2.630799989527800e-07	2.948839e+00	8.233114e-02	8.054037e+00	4.027000e+00
5.252239979053042e-07	2.953590e+00	1.646601e-01	8.136316e+00	4.068139e+00
1.049511995810353e-06	2.963706e+00	3.291615e-01	8.300527e+00	4.150244e+00
2.098087991620450e-06	2.983270e+00	6.569149e-01	8.626394e+00	4.313177e+00
4.195239983240645e-06	3.018045e+00	1.302461e+00	9.258804e+00	4.629380e+00
8.389543966481033e-06	3.072391e+00	2.515006e+00	1.040664e+01	5.203297e+00
1.482930453990438e-05	3.130597e+00	4.013145e+00	1.188627e+01	5.943109e+00
1.802191840422712e-05	3.148691e+00	4.526929e+00	1.243594e+01	6.217940e+00
2.029597624149450e-05	3.156155e+00	4.783101e+00	1.269921e+01	6.349578e+00
2.197921028192026e-05	3.159559e+00	4.910149e+00	1.282483e+01	6.412384e+00
2.369576115581884e-05	3.161264e+00	4.983195e+00	1.288664e+01	6.443288e+00
2.601494791547692e-05	3.161325e+00	4.989857e+00	1.288081e+01	6.440377e+00
2.815159930905772e-05	3.158811e+00	4.902351e+00	1.277519e+01	6.387563e+00
3.161827545951705e-05	3.148179e+00	4.574017e+00	1.238748e+01	6.193708e+00
3.715727191856500e-05	3.111252e+00	3.611061e+00	1.134148e+01	5.670713e+00
4.557398821169607e-05	3.001744e+00	1.372921e+00	9.147791e+00	4.573874e+00
5.668961853202930e-05	2.788658e+00	-2.039981e+00	5.937630e+00	2.968801e+00
6.283086171834184e-05	2.660138e+00	-3.608046e+00	4.356153e+00	2.178066e+00
6.666356330302778e-05	2.591122e+00	-4.329483e+00	3.608012e+00	1.803997e+00
6.931410242230586e-05	2.555671e+00	-4.684191e+00	3.242190e+00	1.621088e+00
7.124704547181450e-05	2.537734e+00	-4.861559e+00	3.061911e+00	1.530948e+00
7.279914232309513e-05	2.528860e+00	-4.952227e+00	2.974760e+00	1.487373e+00
7.447285607675128e-05	2.524834e+00	-4.997247e+00	2.937818e+00	1.468902e+00
7.630463779005201e-05	2.526918e+00	-4.983236e+00	2.963755e+00	1.481870e+00
7.862282195464330e-05	2.539974e+00	-4.871092e+00	3.104146e+00	1.552066e+00
8.237888932476233e-05	2.583241e+00	-4.472317e+00	3.568776e+00	1.784380e+00
8.835029942871923e-05	2.689471e+00	-3.341924e+00	4.778111e+00	2.389045e+00
9.728845652310919e-05	2.874119e+00	-8.480510e-01	7.186434e+00	3.593200e+00
1.067977244256736e-04	3.043829e+00	2.070941e+00	9.936535e+00	4.968244e+00
1.130929536150172e-04	3.118338e+00	3.664557e+00	1.154165e+01	5.770796e+00
1.168386041161118e-04	3.143485e+00	4.356728e+00	1.226345e+01	6.131697e+00
1.194395046644521e-04	3.153824e+00	4.697824e+00	1.261525e+01	6.307593e+00
1.213401308961960e-04	3.158558e+00	4.868310e+00	1.278811e+01	6.394027e+00
1.229149585204935e-04	3.160874e+00	4.957113e+00	1.287392e+01	6.436928e+00
1.244986727234062e-04	3.161841e+00	4.997510e+00	1.290708e+01	6.453510e+00
1.263142418602916e-04	3.161335e+00	4.982988e+00	1.288001e+01	6.439973e+00
1.286384400589839e-04	3.157891e+00	4.869983e+00	1.273856e+01	6.369248e+00
1.324040664876565e-04	3.144655e+00	4.468775e+00	1.227155e+01	6.135746e+00
1.383896207573175e-04	3.099290e+00	3.332725e+00	1.105718e+01	5.528563e+00
1.473442684610066e-04	2.973663e+00	8.307661e-01	8.644250e+00	4.322104e+00
1.573856485113754e-04	2.774946e+00	-2.237604e+00	5.746087e+00	2.873030e+00
1.632413249268659e-04	2.652278e+00	-3.696109e+00	4.268224e+00	2.134102e+00
1.669381179869314e-04	2.587221e+00	-4.371982e+00	3.567346e+00	1.783664e+00
1.695109515525920e-04	2.553835e+00	-4.705462e+00	3.223668e+00	1.611826e+00
1.713932235109691e-04	2.537040e+00	-4.872086e+00	3.055148e+00	1.527567e+00
1.729809937704722e-04	2.528381e+00	-4.959782e+00	2.970318e+00	1.485152e+00
1.745134024362047e-04	2.524976e+00	-4.997653e+00	2.939374e+00	1.469680e+00
1.763197210971260e-04	2.527257e+00	-4.982846e+00	2.967273e+00	1.483629e+00
1.786473502398220e-04	2.540494e+00	-4.869348e+00	3.109567e+00	1.554776e+00
1.824184291666085e-04	2.584129e+00	-4.466749e+00	3.578321e+00	1.789152e+00
1.884120471554491e-04	2.690995e+00	-3.327470e+00	4.796178e+00	2.398078e+00
1.973760796889783e-04	2.876074e+00	-8.209096e-01	7.215003e+00	3.607485e+00
2.068935244752915e-04	3.045382e+00	2.098297e+00	9.966567e+00	4.983260e+00
2.131323716711147e-04	3.118812e+00	3.672971e+00	1.155389e+01	5.776918e+00
2.168650124104516e-04	3.143708e+00	4.360792e+00	1.227086e+01	6.135399e+00
2.194584539621648e-04	3.153967e+00	4.699860e+00	1.262053e+01	6.310233e+00
2.213542081642221e-04	3.158665e+00	4.869317e+00	1.279226e+01	6.396102e+00
2.229324690268290e-04	3.160973e+00	4.957829e+00	1.287784e+01	6.438887e+00
2.245025778252148e-04	3.161923e+00	4.997549e+00	1.291043e+01	6.455184e+00
2.263156945268181e-04	3.161412e+00	4.982951e+00	1.288316e+01	6.441550e+00
2.286408023539663e-04	3.157966e+00	4.869815e+00	1.274152e+01	6.370731e+00
2.324078744352203e-04	3.144727e+00	4.468238e+00	1.227411e+01	6.137025e+00
2.383955669783150e-04	3.099349e+00	3.331332e+00	1.105890e+01	5.529426e+00
2.473527044544392e-04	2.973702e+00	8.281525e-01	8.644943e+00	4.322452e+00
2.573910392224263e-04	2.775087e+00	-2.239119e+00	5.747715e+00	2.873844e+00
2.632445242032366e-04	2.652498e+00	-3.696786e+00	4.270622e+00	2.135301e+00
2.669402671208624e-04	2.587483e+00	-4.372310e+00	3.570098e+00	1.785041e+00
2.695124957597285e-04	2.554117e+00	-4.705626e+00	3.226585e+00	1.613285e+00
2.713943714804593e-04	2.537332e+00	-4.872167e+00	3.058153e+00	1.529069e+00
2.729824214099372e-04	2.528675e+00	-4.959838e+00	2.973339e+00	1.486662e+00
2.745137209725658e-04	2.525275e+00	-4.997657e+00	2.942436e+00	1.471211e+00
2.763198395850473e-04	2.527558e+00	-4.982843e+00	2.970346e+00	1.485166e+00
2.786475429204651e-04	2.540793e+00	-4.869334e+00	3.112651e+00	1.556318e+00
2.824187397484321e-04	2.584424e+00	-4.466705e+00	3.581430e+00	1.790706e+00
2.884125320685637e-04	2.691273e+00	-3.327356e+00	4.799341e+00	2.399660e+00
2.973767673612525e-04	2.876297e+00	-8.206964e-01	7.218223e+00	3.609095e+00
3.068972405287489e-04	3.045578e+00	2.099357e+00	9.970623e+00	4.985289e+00
3.131328861553954e-04	3.118923e+00	3.673081e+00	1.155703e+01	5.778489e+00
3.168653572337045e-04	3.143796e+00	4.360846e+00	1.227390e+01	6.136921e+00
3.194587014420418e-04	3.154046e+00	4.699886e+00	1.262354e+01	6.311738e+00
3.213543920343529e-04	3.158741e+00	4.869329e+00	1.279526e+01	6.397599e+00
3.229326977327202e-04	3.161047e+00	4.957839e+00	1.288082e+01	6.440381e+00
3.245026288335269e-04	3.161996e+00	4.997549e+00	1.291340e+01	6.456671e+00
3.263157135013757e-04	3.161485e+00	4.982950e+00	1.288613e+01	6.443035e+00
3.286408332099373e-04	3.158041e+00	4.869812e+00	1.274449e+01	6.372213e+00
3.324079241737754e-04	3.144812e+00	4.468231e+00	1.227706e+01	6.138500e+00
3.383956446448176e-04	3.099461e+00	3.331314e+00	1.106183e+01	5.530889e+00
3.473528146341921e-04	2.973871e+00	8.281184e-01	8.647840e+00	4.323899e+00
3.573911096153834e-04	2.775322e+00	-2.239138e+00	5.750604e+00	2.875288e+00
3.632445659821431e-04	2.652763e+00	-3.696795e+00	4.273510e+00	2.136745e+00
3.669402951870394e-04	2.587757e+00	-4.372314e+00	3.572983e+00	1.786483e+00
3.695125159263265e-04	2.554396e+00	-4.705628e+00	3.229468e+00	1.614726e+00
3.713943864725135e-04	2.537612e+00	-4.872168e+00	3.061033e+00	1.530509e+00
3.729824400543280e-04	2.528956e+00	-4.959839e+00	2.976216e+00	1.488101e+00
3.745137251325474e-04	2.525556e+00	-4.997657e+00	2.945311e+00	1.472648e+00
3.763198411324603e-04	2.527838e+00	-4.982843e+00	2.973218e+00	1.486602e+00
3.786475454368102e-04	2.541072e+00	-4.869334e+00	3.115518e+00	1.557752e+00
3.824187438045251e-04	2.584696e+00	-4.466705e+00	3.584290e+00	1.792137e+00
3.884125384013528e-04	2.691524e+00	-3.327354e+00	4.802191e+00	2.401084e+00
3.973767763419568e-04	2.876494e+00	-8.206937e-01	7.221052e+00	3.610509e+00
4.068989162161278e-04	3.045737e+00	2.099834e+00	9.973908e+00	4.986931e+00
4.131330384889552e-04	3.119022e+00	3.673113e+00	1.155988e+01	5.779914e+00
4.168654593330640e-04	3.143878e+00	4.360861e+00	1.227671e+01	6.138326e+00
4.194587747190749e-04	3.154120e+00	4.699894e+00	1.262633e+01	6.313138e+00
4.213544464770884e-04	3.158811e+00	4.869334e+00	1.279805e+01	6.398993e+00
4.229327654509925e-04	3.161115e+00	4.957841e+00	1.288361e+01	6.441773e+00
4.245026439367618e-04	3.162064e+00	4.997549e+00	1.291618e+01	6.458062e+00
4.263157191196202e-04	3.161553e+00	4.982950e+00	1.288891e+01	6.444423e+00
4.286408423461916e-04	3.158112e+00	4.869812e+00	1.274726e+01	6.373598e+00
4.324079389010396e-04	3.144891e+00	4.468229e+00	1.227982e+01	6.139882e+00
4.383956676413579e-04	3.099566e+00	3.331309e+00	1.106458e+01	5.532263e+00
4.473528472576578e-04	2.974030e+00	8.281083e-01	8.650567e+00	4.325264e+00
4.573911304581870e-04	2.775543e+00	-2.239144e+00	5.753317e+00	2.876645e+00
4.632445783525610e-04	2.653010e+00	-3.696797e+00	4.276215e+00	2.138097e+00
4.669403034972265e-04	2.588015e+00	-4.372315e+00	3.575683e+00	1.787833e+00
4.695125218975084e-04	2.554657e+00	-4.705629e+00	3.232164e+00	1.616074e+00
4.713943909115515e-04	2.537874e+00	-4.872168e+00	3.063725e+00	1.531855e+00
4.729824455747962e-04	2.529219e+00	-4.959839e+00	2.978906e+00	1.489446e+00
4.745137263642876e-04	2.525819e+00	-4.997657e+00	2.947998e+00	1.473992e+00
4.763198415906380e-04	2.528100e+00	-4.982843e+00	2.975902e+00	1.487944e+00
4.786475461818816e-04	2.541332e+00	-4.869334e+00	3.118198e+00	1.559092e+00
4.824187450055047e-04	2.584950e+00	-4.466705e+00	3.586963e+00	1.793473e+00
4.884125402764455e-04	2.691759e+00	-3.327354e+00	4.804854e+00	2.402416e+00
4.973767790010775e-04	2.876679e+00	-8.206928e-01	7.223697e+00	3.611831e+00
5.068999049067290e-04	3.045876e+00	2.100116e+00	9.976817e+00	4.988385e+00
5.131331553132146e-04	3.119114e+00	3.673138e+00	1.156254e+01	5.781241e+00
5.168655376330476e-04	3.143954e+00	4.360873e+00	1.227933e+01	6.139638e+00
5.194588309152994e-04	3.154189e+00	4.699900e+00	1.262895e+01	6.314444e+00
5.213544882293026e-04	3.158877e+00	4.869337e+00	1.280065e+01	6.400297e+00
5.229328173842239e-04	3.161180e+00	4.957843e+00	1.288621e+01	6.443075e+00
5.245026555194578e-04	3.162127e+00	4.997549e+00	1.291878e+01	6.459361e+00
5.263157234282611e-04	3.161617e+00	4.982950e+00	1.289150e+01	6.445721e+00
5.286408493527999e-04	3.158178e+00	4.869812e+00	1.274985e+01	6.374894e+00
5.324079501954021e-04	3.144965e+00	4.468228e+00	1.228240e+01	6.141173e+00
5.383956852774389e-04	3.099663e+00	3.331305e+00	1.106715e+01	5.533548e+00
5.473528722766315e-04	2.974179e+00	8.281006e-01	8.653119e+00	4.326539e+00
5.573911464425368e-04	2.775750e+00	-2.239149e+00	5.755854e+00	2.877913e+00
5.632445878394397e-04	2.653242e+00	-3.696800e+00	4.278744e+00	2.139362e+00
5.669403098703139e-04	2.588255e+00	-4.372316e+00	3.578207e+00	1.789095e+00
5.695125264768119e-04	2.554900e+00	-4.705629e+00	3.234684e+00	1.617334e+00
5.713943943158531e-04	2.538119e+00	-4.872169e+00	3.066243e+00	1.533114e+00
5.729824498084472e-04	2.529465e+00	-4.959840e+00	2.981420e+00	1.490703e+00
5.745137273089103e-04	2.526065e+00	-4.997657e+00	2.950510e+00	1.475248e+00
5.763198419420149e-04	2.528346e+00	-4.982843e+00	2.978411e+00	1.489199e+00
5.786475467532775e-04	2.541576e+00	-4.869334e+00	3.120703e+00	1.560344e+00
5.824187459265369e-04	2.585188e+00	-4.466704e+00	3.589463e+00	1.794723e+00
5.884125417144555e-04	2.691978e+00	-3.327354e+00	4.807343e+00	2.403660e+00
5.973767810403592e-04	2.876853e+00	-8.206922e-01	7.226170e+00	3.613068e+00
6.069005413596964e-04	3.046002e+00	2.100298e+00	9.979453e+00	4.989703e+00
6.131332527721725e-04	3.119200e+00	3.673159e+00	1.156501e+01	5.782478e+00
6.168656029538272e-04	3.144024e+00	4.360883e+00	1.228179e+01	6.140864e+00
6.194588777963478e-04	3.154254e+00	4.699905e+00	1.263139e+01	6.315665e+00
6.213545230606226e-04	3.158938e+00	4.869339e+00	1.280309e+01	6.401515e+00
6.229328607089366e-04	3.161240e+00	4.957845e+00	1.288864e+01	6.444292e+00
6.245026651821950e-04	3.162187e+00	4.997549e+00	1.292121e+01	6.460576e+00
6.263157270226974e-04	3.161677e+00	4.982950e+00	1.289393e+01	6.446934e+00
6.286408551979860e-04	3.158240e+00	4.869811e+00	1.275227e+01	6.376104e+00
6.324079596175994e-04	3.145034e+00	4.468226e+00	1.228482e+01	6.142380e+00
6.383956999901430e-04	3.099755e+00	3.331301e+00	1.106955e+01	5.534750e+00
6.473528931484249e-04	2.974318e+00	8.280941e-01	8.655504e+00	4.327732e+00
6.573911597772847e-04	2.775944e+00	-2.239152e+00	5.758226e+00	2.879100e+00
6.632445957537544e-04	2.653458e+00	-3.696801e+00	4.281108e+00	2.140544e+00
6.669403151869865e-04	2.588479e+00	-4.372317e+00	3.580567e+00	1.790275e+00
6.695125302970419e-04	2.555128e+00	-4.705630e+00	3.237040e+00	1.618512e+00
6.713943971558517e-04	2.538348e+00	-4.872169e+00	3.068596e+00	1.534291e+00
6.729824533403207e-04	2.529694e+00	-4.959840e+00	2.983771e+00	1.491879e+00
6.745137280969506e-04	2.526294e+00	-4.997657e+00	2.952859e+00	1.476422e+00
6.763198422351470e-04	2.528574e+00	-4.982843e+00	2.980757e+00	1.490371e+00
6.786475472299580e-04	2.541803e+00	-4.869334e+00	3.123045e+00	1.561515e+00
6.824187466948974e-04	2.585410e+00	-4.466704e+00	3.591799e+00	1.795891e+00
6.884125429140988e-04	2.692183e+00	-3.327353e+00	4.809670e+00	2.404824e+00
6.973767827416065e-04	2.877015e+00	-8.206916e-01	7.228482e+00	3.614224e+00
7.069009916138798e-04	3.046118e+00	2.100426e+00	9.981877e+00	4.990915e+00
7.131333379967774e-04	3.119280e+00	3.673177e+00	1.156732e+01	5.783633e+00
7.168656600747759e-04	3.144091e+00	4.360892e+00	1.228408e+01	6.142010e+00
7.194589187923758e-04	3.154314e+00	4.699909e+00	1.263367e+01	6.316807e+00
7.213545535195503e-04	3.158996e+00	4.869341e+00	1.280537e+01	6.402654e+00
7.229328985950720e-04	3.161296e+00	4.957847e+00	1.289092e+01	6.445429e+00
7.245026736319656e-04	3.162242e+00	4.997549e+00	1.292348e+01	6.461711e+00
7.263157301659228e-04	3.161732e+00	4.982950e+00	1.289620e+01	6.448068e+00
7.286408603094235e-04	3.158297e+00	4.869811e+00	1.275453e+01	6.377236e+00
7.324079678570247e-04	3.145099e+00	4.468225e+00	1.228708e+01	6.143509e+00
7.383957128559546e-04	3.099841e+00	3.331298e+00	1.107180e+01	5.535873e+00
7.473529114001670e-04	2.974448e+00	8.280884e-01	8.657735e+00	4.328847e+00
7.573911714381019e-04	2.776124e+00	-2.239156e+00	5.760444e+00	2.880208e+00
7.632446026745750e-04	2.653660e+00	-3.696803e+00	4.283319e+00	2.141650e+00
7.669403198362512e-04	2.588689e+00	-4.372318e+00	3.582773e+00	1.791378e+00
7.695125336377144e-04	2.555341e+00	-4.705630e+00	3.239242e+00	1.619614e+00
7.713943996393422e-04	2.538562e+00	-4.872169e+00	3.070796e+00	1.535391e+00
7.729824564288344e-04	2.529909e+00	-4.959840e+00	2.985969e+00	1.492977e+00
7.745137287860674e-04	2.526509e+00	-4.997657e+00	2.955054e+00	1.477520e+00
7.763198424914819e-04	2.528789e+00	-4.982843e+00	2.982950e+00	1.491468e+00
7.786475476468002e-04	2.542016e+00	-4.869334e+00	3.125234e+00	1.562610e+00
7.824187473668049e-04	2.585617e+00	-4.466704e+00	3.593982e+00	1.796983e+00
7.884125439631498e-04	2.692375e+00	-3.327353e+00	4.811845e+00	2.405911e+00
7.973767842292945e-04	2.877167e+00	-8.206912e-01	7.230643e+00	3.615305e+00
8.069013396231713e-04	3.046226e+00	2.100525e+00	9.984122e+00	4.992037e+00
8.131334147209790e-04	3.119354e+00	3.673193e+00	1.156948e+01	5.784712e+00
8.168657114984994e-04	3.144153e+00	4.360900e+00	1.228622e+01	6.143081e+00
8.194589556995041e-04	3.154371e+00	4.699913e+00	1.263581e+01	6.317873e+00
8.213545809405492e-04	3.159050e+00	4.869343e+00	1.280750e+01	6.403718e+00
8.229329327024950e-04	3.161348e+00	4.957848e+00	1.289304e+01	6.446492e+00
8.245026812389696e-04	3.162294e+00	4.997550e+00	1.292561e+01	6.462772e+00
8.263157329956479e-04	3.161784e+00	4.982950e+00	1.289832e+01	6.449127e+00
8.286408649110544e-04	3.158351e+00	4.869810e+00	1.275665e+01	6.378294e+00
8.324079752746623e-04	3.145159e+00	4.468224e+00	1.228919e+01	6.144564e+00
8.383957244385488e-04	3.099921e+00	3.331295e+00	1.107390e+01	5.536923e+00
8.473529278315028e-04	2.974570e+00	8.280833e-01	8.659821e+00	4.329890e+00
8.573911819358755e-04	2.776293e+00	-2.239159e+00	5.762517e+00	2.881245e+00
8.632446089051178e-04	2.653849e+00	-3.696804e+00	4.285386e+00	2.142683e+00
8.669403240218020e-04	2.588886e+00	-4.372318e+00	3.584835e+00	1.792409e+00
8.695125366451911e-04	2.555540e+00	-4.705630e+00	3.241301e+00	1.620643e+00
8.713944018751319e-04	2.538763e+00	-4.872169e+00	3.072852e+00	1.536419e+00
8.729824592093026e-04	2.530109e+00	-4.959840e+00	2.988023e+00	1.494004e+00
8.745137294064524e-04	2.526710e+00	-4.997657e+00	2.957106e+00	1.478546e+00
8.763198427222501e-04	2.528989e+00	-4.982843e+00	2.984999e+00	1.492493e+00
8.786475480220668e-04	2.542214e+00	-4.869334e+00	3.127281e+00	1.563633e+00
8.824187479716967e-04	2.585811e+00	-4.466704e+00	3.596024e+00	1.798003e+00
8.884125449075688e-04	2.692554e+00	-3.327353e+00	4.813879e+00	2.406928e+00
8.973767855686012e-04	2.877310e+00	-8.206908e-01	7.232664e+00	3.616315e+00
9.069016281238611e-04	3.046326e+00	2.100608e+00	9.986210e+00	4.993082e+00
9.131334849717294e-04	3.119424e+00	3.673208e+00	1.157150e+01	5.785721e+00
9.168657585835205e-04	3.144210e+00	4.360907e+00	1.228822e+01	6.144082e+00
9.194589894927447e-04	3.154423e+00	4.699917e+00	1.263780e+01	6.318871e+00
9.213546060480234e-04	3.159100e+00	4.869345e+00	1.280949e+01	6.404713e+00
9.229329639322524e-04	3.161397e+00	4.957850e+00	1.289503e+01	6.447485e+00
9.245026882041676e-04	3.162342e+00	4.997550e+00	1.292759e+01	6.463765e+00
9.263157355866279e-04	3.161833e+00	4.982950e+00	1.290030e+01	6.450119e+00
9.286408691244437e-04	3.158401e+00	4.869810e+00	1.275863e+01	6.379284e+00
9.324079820664707e-04	3.145216e+00	4.468223e+00	1.229116e+01	6.145550e+00
9.383957350439137e-04	3.099996e+00	3.331293e+00	1.107586e+01	5.537905e+00
9.473529428765150e-04	2.974683e+00	8.280787e-01	8.661770e+00	4.330865e+00
9.573911915479377e-04	2.776451e+00	-2.239161e+00	5.764455e+00	2.882214e+00
9.632446146099825e-04	2.654026e+00	-3.696805e+00	4.287317e+00	2.143649e+00
9.669403278542135e-04	2.589069e+00	-4.372319e+00	3.586762e+00	1.793373e+00
9.695125393989240e-04	2.555726e+00	-4.705631e+00	3.243226e+00	1.621605e+00
9.713944039222856e-04	2.538949e+00	-4.872169e+00	3.074774e+00	1.537380e+00
9.729824617551800e-04	2.530297e+00	-4.959840e+00	2.989943e+00	1.494964e+00
9.745137299744948e-04	2.526897e+00	-4.997657e+00	2.959024e+00	1.479505e+00
9.763198429335482e-04	2.529176e+00	-4.982843e+00	2.986915e+00	1.493451e+00
9.786475483656719e-04	2.542400e+00	-4.869334e+00	3.129194e+00	1.564590e+00
9.824187485255533e-04	2.585993e+00	-4.466704e+00	3.597932e+00	1.798957e+00
9.884125457723066e-04	2.692721e+00	-3.327353e+00	4.815779e+00	2.407878e+00
9.973767867949097e-04	2.861035e+00	-8.206904e-01	6.865968e+00	3.432968e+00
1.004190640288122e-03	2.931906e+00	-1.224647e-14	7.777561e+00	3.888762e+00
1.012116954251517e-03	2.947721e+00	-1.224647e-14	7.998582e+00	3.999273e+00
1.086762942610752e-03	2.947623e+00	-1.224647e-14	7.997265e+00	3.998614e+00
1.100000000000000e-03	2.947609e+00	-1.224647e-14	7.997037e+00	3.998500e+00
