Frequenza	             Ampiezza dB             FASE (gradi)
1.00000000000000e+02	4.94526913330896e+00	1.79991800548391e+02
1.02329299228075e+02	4.94526912926599e+00	1.79991609558631e+02
1.04712854805090e+02	4.94526912503247e+00	1.79991414120148e+02
1.07151930523761e+02	4.94526912059943e+00	1.79991214129317e+02
1.09647819614318e+02	4.94526911595747e+00	1.79991009480103e+02
1.12201845430196e+02	4.94526911109675e+00	1.79990800063995e+02
1.14815362149688e+02	4.94526910600694e+00	1.79990585769961e+02
1.17489755493953e+02	4.94526910067726e+00	1.79990366484377e+02
1.20226443461741e+02	4.94526909509640e+00	1.79990142090976e+02
1.23026877081238e+02	4.94526908925252e+00	1.79989912470782e+02
1.25892541179417e+02	4.94526908313323e+00	1.79989677502046e+02
1.28824955169313e+02	4.94526907672554e+00	1.79989437060186e+02
1.31825673855641e+02	4.94526907001587e+00	1.79989191017716e+02
1.34896288259165e+02	4.94526906298998e+00	1.79988939244181e+02
1.38038426460288e+02	4.94526905563298e+00	1.79988681606087e+02
1.41253754462275e+02	4.94526904792924e+00	1.79988417966832e+02
1.44543977074593e+02	4.94526903986245e+00	1.79988148186630e+02
1.47910838816821e+02	4.94526903141547e+00	1.79987872122440e+02
1.51356124843621e+02	4.94526902257040e+00	1.79987589627890e+02
1.54881661891248e+02	4.94526901330848e+00	1.79987300553197e+02
1.58489319246111e+02	4.94526900361006e+00	1.79987004745091e+02
1.62181009735893e+02	4.94526899345456e+00	1.79986702046728e+02
1.65958690743756e+02	4.94526898282045e+00	1.79986392297616e+02
1.69824365246174e+02	4.94526897168517e+00	1.79986075333522e+02
1.73780082874937e+02	4.94526896002509e+00	1.79985750986385e+02
1.77827941003892e+02	4.94526894781550e+00	1.79985419084235e+02
1.81970085860998e+02	4.94526893503049e+00	1.79985079451091e+02
1.86208713666287e+02	4.94526892164293e+00	1.79984731906875e+02
1.90546071796324e+02	4.94526890762445e+00	1.79984376267317e+02
1.94984459975804e+02	4.94526889294529e+00	1.79984012343850e+02
1.99526231496888e+02	4.94526887757432e+00	1.79983639943517e+02
2.04173794466953e+02	4.94526886147895e+00	1.79983258868868e+02
2.08929613085404e+02	4.94526884462501e+00	1.79982868917852e+02
2.13796208950223e+02	4.94526882697678e+00	1.79982469883711e+02
2.18776162394955e+02	4.94526880849682e+00	1.79982061554872e+02
2.23872113856834e+02	4.94526878914592e+00	1.79981643714835e+02
2.29086765276777e+02	4.94526876888304e+00	1.79981216142055e+02
2.34422881531992e+02	4.94526874766520e+00	1.79980778609828e+02
2.39883291901949e+02	4.94526872544739e+00	1.79980330886168e+02
2.45470891568503e+02	4.94526870218249e+00	1.79979872733687e+02
2.51188643150958e+02	4.94526867782115e+00	1.79979403909466e+02
2.57039578276886e+02	4.94526865231170e+00	1.79978924164928e+02
2.63026799189538e+02	4.94526862560002e+00	1.79978433245708e+02
2.69153480392691e+02	4.94526859762946e+00	1.79977930891513e+02
2.75422870333816e+02	4.94526856834069e+00	1.79977416835990e+02
2.81838293126445e+02	4.94526853767159e+00	1.79976890806578e+02
2.88403150312660e+02	4.94526850555709e+00	1.79976352524371e+02
2.95120922666638e+02	4.94526847192908e+00	1.79975801703965e+02
3.01995172040201e+02	4.94526843671623e+00	1.79975238053308e+02
3.09029543251358e+02	4.94526839984386e+00	1.79974661273546e+02
3.16227766016837e+02	4.94526836123374e+00	1.79974071058861e+02
3.23593656929628e+02	4.94526832080398e+00	1.79973467096316e+02
3.31131121482590e+02	4.94526827846883e+00	1.79972849065682e+02
3.38844156139202e+02	4.94526823413848e+00	1.79972216639272e+02
3.46736850452531e+02	4.94526818771891e+00	1.79971569481764e+02
3.54813389233575e+02	4.94526813911166e+00	1.79970907250029e+02
3.63078054770101e+02	4.94526808821361e+00	1.79970229592943e+02
3.71535229097172e+02	4.94526803491682e+00	1.79969536151203e+02
3.80189396320560e+02	4.94526797910822e+00	1.79968826557140e+02
3.89045144994280e+02	4.94526792066945e+00	1.79968100434516e+02
3.98107170553496e+02	4.94526785947654e+00	1.79967357398334e+02
4.07380277804112e+02	4.94526779539970e+00	1.79966597054627e+02
4.16869383470335e+02	4.94526772830302e+00	1.79965819000251e+02
4.26579518801592e+02	4.94526765804416e+00	1.79965022822673e+02
4.36515832240165e+02	4.94526758447411e+00	1.79964208099750e+02
4.46683592150962e+02	4.94526750743681e+00	1.79963374399507e+02
4.57088189614874e+02	4.94526742676886e+00	1.79962521279905e+02
4.67735141287197e+02	4.94526734229915e+00	1.79961648288611e+02
4.78630092322637e+02	4.94526725384850e+00	1.79960754962756e+02
4.89778819368445e+02	4.94526716122930e+00	1.79959840828686e+02
5.01187233627271e+02	4.94526706424510e+00	1.79958905401719e+02
5.12861383991364e+02	4.94526696269017e+00	1.79957948185881e+02
5.24807460249771e+02	4.94526685634911e+00	1.79956968673644e+02
5.37031796370251e+02	4.94526674499636e+00	1.79955966345661e+02
5.49540873857623e+02	4.94526662839571e+00	1.79954940670487e+02
5.62341325190348e+02	4.94526650629984e+00	1.79953891104296e+02
5.75439937337155e+02	4.94526637844979e+00	1.79952817090599e+02
5.88843655355587e+02	4.94526624457434e+00	1.79951718059942e+02
6.02559586074356e+02	4.94526610438955e+00	1.79950593429607e+02
6.16595001861481e+02	4.94526595759805e+00	1.79949442603304e+02
6.30957344480192e+02	4.94526580388849e+00	1.79948264970852e+02
6.45654229034654e+02	4.94526564293483e+00	1.79947059907860e+02
6.60693448007594e+02	4.94526547439566e+00	1.79945826775391e+02
6.76082975391980e+02	4.94526529791349e+00	1.79944564919626e+02
6.91830970918935e+02	4.94526511311399e+00	1.79943273671517e+02
7.07945784384136e+02	4.94526491960515e+00	1.79941952346432e+02
7.24435960074988e+02	4.94526471697654e+00	1.79940600243793e+02
7.41310241300916e+02	4.94526450479834e+00	1.79939216646702e+02
7.58577575029182e+02	4.94526428262051e+00	1.79937800821565e+02
7.76247116628690e+02	4.94526404997177e+00	1.79936352017698e+02
7.94328234724279e+02	4.94526380635864e+00	1.79934869466934e+02
8.12830516164097e+02	4.94526355126440e+00	1.79933352383211e+02
8.31763771102669e+02	4.94526328414795e+00	1.79931799962161e+02
8.51138038202374e+02	4.94526300444271e+00	1.79930211380678e+02
8.70963589956078e+02	4.94526271155538e+00	1.79928585796483e+02
8.91250938133743e+02	4.94526240486472e+00	1.79926922347681e+02
9.12010839355907e+02	4.94526208372020e+00	1.79925220152300e+02
9.33254300796988e+02	4.94526174744064e+00	1.79923478307825e+02
9.54992586021433e+02	4.94526139531272e+00	1.79921695890718e+02
9.77237220955808e+02	4.94526102658957e+00	1.79919871955933e+02
9.99999999999997e+02	4.94526064048906e+00	1.79918005536407e+02
1.02329299228075e+03	4.94526023619223e+00	1.79916095642557e+02
1.04712854805090e+03	4.94525981284152e+00	1.79914141261746e+02
1.07151930523760e+03	4.94525936953895e+00	1.79912141357755e+02
1.09647819614318e+03	4.94525890534422e+00	1.79910094870225e+02
1.12201845430196e+03	4.94525841927272e+00	1.79908000714103e+02
1.14815362149688e+03	4.94525791029343e+00	1.79905857779059e+02
1.17489755493953e+03	4.94525737732676e+00	1.79903664928903e+02
1.20226443461741e+03	4.94525681924221e+00	1.79901421000983e+02
1.23026877081238e+03	4.94525623485602e+00	1.79899124805564e+02
1.25892541179416e+03	4.94525562292864e+00	1.79896775125200e+02
1.28824955169313e+03	4.94525498216210e+00	1.79894370714090e+02
1.31825673855640e+03	4.94525431119728e+00	1.79891910297416e+02
1.34896288259165e+03	4.94525360861096e+00	1.79889392570666e+02
1.38038426460288e+03	4.94525287291289e+00	1.79886816198946e+02
1.41253754462275e+03	4.94525210254258e+00	1.79884179816267e+02
1.44543977074592e+03	4.94525129586597e+00	1.79881482024829e+02
1.47910838816820e+03	4.94525045117203e+00	1.79878721394271e+02
1.51356124843620e+03	4.94524956666907e+00	1.79875896460918e+02
1.54881661891248e+03	4.94524864048096e+00	1.79873005727007e+02
1.58489319246111e+03	4.94524767064316e+00	1.79870047659887e+02
1.62181009735892e+03	4.94524665509854e+00	1.79867020691212e+02
1.65958690743755e+03	4.94524559169304e+00	1.79863923216107e+02
1.69824365246174e+03	4.94524447817106e+00	1.79860753592319e+02
1.73780082874937e+03	4.94524331217071e+00	1.79857510139344e+02
1.77827941003892e+03	4.94524209121879e+00	1.79854191137540e+02
1.81970085860998e+03	4.94524081272555e+00	1.79850794827212e+02
1.86208713666286e+03	4.94523947397918e+00	1.79847319407682e+02
1.90546071796324e+03	4.94523807214008e+00	1.79843763036334e+02
1.94984459975804e+03	4.94523660423483e+00	1.79840123827637e+02
1.99526231496887e+03	4.94523506714987e+00	1.79836399852144e+02
2.04173794466952e+03	4.94523345762490e+00	1.79832589135475e+02
2.08929613085403e+03	4.94523177224600e+00	1.79828689657265e+02
2.13796208950222e+03	4.94523000743834e+00	1.79824699350095e+02
2.18776162394954e+03	4.94522815945862e+00	1.79820616098400e+02
2.23872113856833e+03	4.94522622438716e+00	1.79816437737341e+02
2.29086765276776e+03	4.94522419811950e+00	1.79812162051665e+02
2.34422881531991e+03	4.94522207635780e+00	1.79807786774528e+02
2.39883291901948e+03	4.94521985460167e+00	1.79803309586293e+02
2.45470891568502e+03	4.94521752813862e+00	1.79798728113303e+02
2.51188643150957e+03	4.94521509203407e+00	1.79794039926623e+02
2.57039578276885e+03	4.94521254112092e+00	1.79789242540751e+02
2.63026799189537e+03	4.94520986998854e+00	1.79784333412306e+02
2.69153480392690e+03	4.94520707297134e+00	1.79779309938675e+02
2.75422870333815e+03	4.94520414413670e+00	1.79774169456640e+02
2.81838293126444e+03	4.94520107727246e+00	1.79768909240963e+02
2.88403150312659e+03	4.94519786587368e+00	1.79763526502943e+02
2.95120922666637e+03	4.94519450312888e+00	1.79758018388942e+02
3.01995172040200e+03	4.94519098190560e+00	1.79752381978872e+02
3.09029543251358e+03	4.94518729473523e+00	1.79746614284646e+02
3.16227766016836e+03	4.94518343379724e+00	1.79740712248599e+02
3.23593656929627e+03	4.94517939090252e+00	1.79734672741870e+02
3.31131121482590e+03	4.94517515747608e+00	1.79728492562740e+02
3.38844156139201e+03	4.94517072453882e+00	1.79722168434943e+02
3.46736850452530e+03	4.94516608268851e+00	1.79715697005925e+02
3.54813389233574e+03	4.94516122207985e+00	1.79709074845076e+02
3.63078054770100e+03	4.94515613240360e+00	1.79702298441909e+02
3.71535229097171e+03	4.94515080286469e+00	1.79695364204204e+02
3.80189396320559e+03	4.94514522215936e+00	1.79688268456106e+02
3.89045144994279e+03	4.94513937845118e+00	1.79681007436182e+02
3.98107170553495e+03	4.94513325934594e+00	1.79673577295427e+02
4.07380277804111e+03	4.94512685186540e+00	1.79665974095229e+02
4.16869383470333e+03	4.94512014241974e+00	1.79658193805286e+02
4.26579518801591e+03	4.94511311677876e+00	1.79650232301474e+02
4.36515832240164e+03	4.94510576004170e+00	1.79642085363662e+02
4.46683592150961e+03	4.94509805660566e+00	1.79633748673487e+02
4.57088189614873e+03	4.94508999013251e+00	1.79625217812062e+02
4.67735141287196e+03	4.94508154351425e+00	1.79616488257646e+02
4.78630092322636e+03	4.94507269883675e+00	1.79607555383251e+02
4.89778819368444e+03	4.94506343734175e+00	1.79598414454194e+02
5.01187233627270e+03	4.94505373938710e+00	1.79589060625599e+02
5.12861383991362e+03	4.94504358440515e+00	1.79579488939831e+02
5.24807460249770e+03	4.94503295085909e+00	1.79569694323882e+02
5.37031796370250e+03	4.94502181619736e+00	1.79559671586688e+02
5.49540873857622e+03	4.94501015680578e+00	1.79549415416386e+02
5.62341325190346e+03	4.94499794795756e+00	1.79538920377510e+02
5.75439937337154e+03	4.94498516376083e+00	1.79528180908123e+02
5.88843655355586e+03	4.94497177710382e+00	1.79517191316877e+02
6.02559586074354e+03	4.94495775959732e+00	1.79505945780009e+02
6.16595001861479e+03	4.94494308151460e+00	1.79494438338274e+02
6.30957344480190e+03	4.94492771172832e+00	1.79482662893792e+02
6.45654229034652e+03	4.94491161764462e+00	1.79470613206839e+02
6.60693448007592e+03	4.94489476513406e+00	1.79458282892553e+02
6.76082975391978e+03	4.94487711845925e+00	1.79445665417567e+02
6.91830970918932e+03	4.94485864019913e+00	1.79432754096569e+02
7.07945784384134e+03	4.94483929116971e+00	1.79419542088777e+02
7.24435960074986e+03	4.94481903034103e+00	1.79406022394337e+02
7.41310241300913e+03	4.94479781475023e+00	1.79392187850636e+02
7.58577575029179e+03	4.94477559941053e+00	1.79378031128532e+02
7.76247116628687e+03	4.94475233721592e+00	1.79363544728497e+02
7.94328234724277e+03	4.94472797884142e+00	1.79348720976671e+02
8.12830516164094e+03	4.94470247263853e+00	1.79333552020830e+02
8.31763771102666e+03	4.94467576452589e+00	1.79318029826253e+02
8.51138038202371e+03	4.94464779787474e+00	1.79302146171508e+02
8.70963589956075e+03	4.94461851338896e+00	1.79285892644125e+02
8.91250938133740e+03	4.94458784897956e+00	1.79269260636187e+02
9.12010839355904e+03	4.94455573963312e+00	1.79252241339811e+02
9.33254300796985e+03	4.94452211727428e+00	1.79234825742527e+02
9.54992586021430e+03	4.94448691062148e+00	1.79217004622556e+02
9.77237220955804e+03	4.94445004503618e+00	1.79198768543977e+02
9.99999999999993e+03	4.94441144236480e+00	1.79180107851788e+02
1.02329299228075e+04	4.94437102077335e+00	1.79161012666852e+02
1.04712854805089e+04	4.94432869457424e+00	1.79141472880731e+02
1.07151930523760e+04	4.94428437404498e+00	1.79121478150405e+02
1.09647819614318e+04	4.94423796523834e+00	1.79101017892867e+02
1.12201845430196e+04	4.94418936978358e+00	1.79080081279600e+02
1.14815362149688e+04	4.94413848467844e+00	1.79058657230934e+02
1.17489755493952e+04	4.94408520207123e+00	1.79036734410266e+02
1.20226443461740e+04	4.94402940903280e+00	1.79014301218166e+02
1.23026877081237e+04	4.94397098731775e+00	1.78991345786333e+02
1.25892541179416e+04	4.94390981311447e+00	1.78967855971433e+02
1.28824955169313e+04	4.94384575678343e+00	1.78943819348794e+02
1.31825673855640e+04	4.94377868258320e+00	1.78919223205957e+02
1.34896288259164e+04	4.94370844838368e+00	1.78894054536091e+02
1.38038426460288e+04	4.94363490536575e+00	1.78868300031259e+02
1.41253754462274e+04	4.94355789770704e+00	1.78841946075541e+02
1.44543977074592e+04	4.94347726225278e+00	1.78814978737997e+02
1.47910838816820e+04	4.94339282817139e+00	1.78787383765486e+02
1.51356124843620e+04	4.94330441659383e+00	1.78759146575326e+02
1.54881661891247e+04	4.94321184023616e+00	1.78730252247786e+02
1.58489319246110e+04	4.94311490300437e+00	1.78700685518432e+02
1.62181009735892e+04	4.94301339958077e+00	1.78670430770294e+02
1.65958690743755e+04	4.94290711499099e+00	1.78639472025869e+02
1.69824365246173e+04	4.94279582415081e+00	1.78607792938957e+02
1.73780082874936e+04	4.94267929139173e+00	1.78575376786318e+02
1.77827941003891e+04	4.94255726996447e+00	1.78542206459158e+02
1.81970085860997e+04	4.94242950151920e+00	1.78508264454427e+02
1.86208713666285e+04	4.94229571556161e+00	1.78473532865944e+02
1.90546071796323e+04	4.94215562888351e+00	1.78437993375329e+02
1.94984459975803e+04	4.94200894496697e+00	1.78401627242756e+02
1.99526231496887e+04	4.94185535336062e+00	1.78364415297504e+02
2.04173794466951e+04	4.94169452902699e+00	1.78326337928325e+02
2.08929613085402e+04	4.94152613165938e+00	1.78287375073607e+02
2.13796208950222e+04	4.94134980496699e+00	1.78247506211350e+02
2.18776162394954e+04	4.94116517592687e+00	1.78206710348928e+02
2.23872113856832e+04	4.94097185400100e+00	1.78164966012656e+02
2.29086765276776e+04	4.94076943031712e+00	1.78122251237151e+02
2.34422881531990e+04	4.94055747681155e+00	1.78078543554479e+02
2.39883291901947e+04	4.94033554533219e+00	1.78033819983104e+02
2.45470891568501e+04	4.94010316670005e+00	1.77988057016611e+02
2.51188643150956e+04	4.93985984972731e+00	1.77941230612228e+02
2.57039578276884e+04	4.93960508018997e+00	1.77893316179125e+02
2.63026799189536e+04	4.93933831975307e+00	1.77844288566502e+02
2.69153480392689e+04	4.93905900484623e+00	1.77794122051460e+02
2.75422870333814e+04	4.93876654548738e+00	1.77742790326648e+02
2.81838293126443e+04	4.93846032405234e+00	1.77690266487701e+02
2.88403150312658e+04	4.93813969398771e+00	1.77636523020450e+02
2.95120922666636e+04	4.93780397846465e+00	1.77581531787922e+02
3.01995172040199e+04	4.93745246897084e+00	1.77525264017117e+02
3.09029543251357e+04	4.93708442383792e+00	1.77467690285567e+02
3.16227766016835e+04	4.93669906670147e+00	1.77408780507683e+02
3.23593656929626e+04	4.93629558489057e+00	1.77348503920891e+02
3.31131121482588e+04	4.93587312774388e+00	1.77286829071542e+02
3.38844156139200e+04	4.93543080484893e+00	1.77223723800634e+02
3.46736850452529e+04	4.93496768420124e+00	1.77159155229311e+02
3.54813389233573e+04	4.93448279027991e+00	1.77093089744172e+02
3.63078054770098e+04	4.93397510203578e+00	1.77025492982378e+02
3.71535229097169e+04	4.93344355078864e+00	1.76956329816569e+02
3.80189396320558e+04	4.93288701802942e+00	1.76885564339603e+02
3.89045144994277e+04	4.93230433312317e+00	1.76813159849107e+02
3.98107170553494e+04	4.93169427090889e+00	1.76739078831872e+02
4.07380277804109e+04	4.93105554919144e+00	1.76663282948077e+02
4.16869383470332e+04	4.93038682612130e+00	1.76585733015373e+02
4.26579518801589e+04	4.92968669745714e+00	1.76506388992829e+02
4.36515832240162e+04	4.92895369370656e+00	1.76425209964745e+02
4.46683592150959e+04	4.92818627713979e+00	1.76342154124368e+02
4.57088189614871e+04	4.92738283867103e+00	1.76257178757506e+02
4.67735141287194e+04	4.92654169460220e+00	1.76170240226066e+02
4.78630092322634e+04	4.92566108322329e+00	1.76081293951539e+02
4.89778819368442e+04	4.92473916126359e+00	1.75990294398441e+02
5.01187233627268e+04	4.92377400018785e+00	1.75897195057750e+02
5.12861383991360e+04	4.92276358233118e+00	1.75801948430345e+02
5.24807460249768e+04	4.92170579686627e+00	1.75704506010492e+02
5.37031796370248e+04	4.92059843559650e+00	1.75604818269389e+02
5.49540873857620e+04	4.91943918856823e+00	1.75502834638824e+02
5.62341325190344e+04	4.91822563949523e+00	1.75398503494957e+02
5.75439937337152e+04	4.91695526098839e+00	1.75291772142279e+02
5.88843655355584e+04	4.91562540958327e+00	1.75182586797790e+02
6.02559586074352e+04	4.91423332055828e+00	1.75070892575431e+02
6.16595001861477e+04	4.91277610253578e+00	1.74956633470820e+02
6.30957344480187e+04	4.91125073185853e+00	1.74839752346353e+02
6.45654229034650e+04	4.90965404673352e+00	1.74720190916709e+02
6.60693448007590e+04	4.90798274113541e+00	1.74597889734841e+02
6.76082975391975e+04	4.90623335846139e+00	1.74472788178486e+02
6.91830970918930e+04	4.90440228492933e+00	1.74344824437297e+02
7.07945784384131e+04	4.90248574271117e+00	1.74213935500649e+02
7.24435960074983e+04	4.90047978279314e+00	1.74080057146194e+02
7.41310241300911e+04	4.89838027755472e+00	1.73943123929279e+02
7.58577575029177e+04	4.89618291305802e+00	1.73803069173277e+02
7.76247116628685e+04	4.89388318103953e+00	1.73659824960964e+02
7.94328234724274e+04	4.89147637059609e+00	1.73513322127017e+02
8.12830516164092e+04	4.88895755955727e+00	1.73363490251768e+02
8.31763771102663e+04	4.88632160553640e+00	1.73210257656308e+02
8.51138038202369e+04	4.88356313665278e+00	1.73053551399081e+02
8.70963589956073e+04	4.88067654191802e+00	1.72893297274099e+02
8.91250938133737e+04	4.87765596127965e+00	1.72729419810912e+02
9.12010839355901e+04	4.87449527531577e+00	1.72561842276486e+02
9.33254300796982e+04	4.87118809457497e+00	1.72390486679149e+02
9.54992586021427e+04	4.86772774855641e+00	1.72215273774776e+02
9.77237220955802e+04	4.86410727432561e+00	1.72036123075379e+02
9.99999999999991e+04	4.86031940476252e+00	1.71852952860297e+02
1.02329299228074e+05	4.85635655643913e+00	1.71665680190190e+02
1.04712854805089e+05	4.85221081712525e+00	1.71474220924027e+02
1.07151930523760e+05	4.84787393292214e+00	1.71278489739304e+02
1.09647819614317e+05	4.84333729502498e+00	1.71078400155716e+02
1.12201845430195e+05	4.83859192611702e+00	1.70873864562518e+02
1.14815362149687e+05	4.83362846639957e+00	1.70664794249841e+02
1.17489755493952e+05	4.82843715926415e+00	1.70451099444208e+02
1.20226443461740e+05	4.82300783661520e+00	1.70232689348552e+02
1.23026877081237e+05	4.81732990385381e+00	1.70009472186989e+02
1.25892541179416e+05	4.81139232453591e+00	1.69781355254678e+02
1.28824955169312e+05	4.80518360472067e+00	1.69548244973054e+02
1.31825673855639e+05	4.79869177702821e+00	1.69310046950763e+02
1.34896288259164e+05	4.79190438442889e+00	1.69066666050630e+02
1.38038426460287e+05	4.78480846379003e+00	1.68818006462994e+02
1.41253754462274e+05	4.77739052920979e+00	1.68563971785768e+02
1.44543977074591e+05	4.76963655517224e+00	1.68304465111573e+02
1.47910838816819e+05	4.76153195956175e+00	1.68039389122308e+02
1.51356124843619e+05	4.75306158658027e+00	1.67768646191532e+02
1.54881661891247e+05	4.74420968961560e+00	1.67492138495029e+02
1.58489319246110e+05	4.73495991411459e+00	1.67209768129925e+02
1.62181009735891e+05	4.72529528052096e+00	1.66921437242735e+02
1.65958690743754e+05	4.71519816734358e+00	1.66627048166715e+02
1.69824365246173e+05	4.70465029442756e+00	1.66326503568878e+02
1.73780082874936e+05	4.69363270650721e+00	1.66019706607041e+02
1.77827941003890e+05	4.68212575712748e+00	1.65706561097243e+02
1.81970085860996e+05	4.67010909302727e+00	1.65386971691866e+02
1.86208713666285e+05	4.65756163908637e+00	1.65060844068770e+02
1.90546071796323e+05	4.64446158394542e+00	1.64728085131730e+02
1.94984459975802e+05	4.63078636641642e+00	1.64388603222432e+02
1.99526231496886e+05	4.61651266280976e+00	1.64042308344246e+02
2.04173794466951e+05	4.60161637531208e+00	1.63689112397958e+02
2.08929613085402e+05	4.58607262155784e+00	1.63328929429597e+02
2.13796208950221e+05	4.56985572554564e+00	1.62961675890437e+02
2.18776162394953e+05	4.55293921005883e+00	1.62587270909188e+02
2.23872113856832e+05	4.53529579075786e+00	1.62205636576328e+02
2.29086765276775e+05	4.51689737211959e+00	1.61816698240445e+02
2.34422881531990e+05	4.49771504540575e+00	1.61420384816386e+02
2.39883291901946e+05	4.47771908884981e+00	1.61016629104893e+02
2.45470891568500e+05	4.45687897025662e+00	1.60605368123337e+02
2.51188643150955e+05	4.43516335221495e+00	1.60186543447011e+02
2.57039578276884e+05	4.41254010012595e+00	1.59760101560362e+02
2.63026799189535e+05	4.38897629325374e+00	1.59325994217385e+02
2.69153480392689e+05	4.36443823900495e+00	1.58884178810293e+02
2.75422870333814e+05	4.33889149064328e+00	1.58434618745401e+02
2.81838293126442e+05	4.31230086864291e+00	1.57977283825046e+02
2.88403150312657e+05	4.28463048587932e+00	1.57512150634182e+02
2.95120922666635e+05	4.25584377684932e+00	1.57039202930151e+02
3.01995172040198e+05	4.22590353110237e+00	1.56558432033933e+02
3.09029543251356e+05	4.19477193105289e+00	1.56069837221052e+02
3.16227766016834e+05	4.16241059432780e+00	1.55573426110112e+02
3.23593656929625e+05	4.12878062078522e+00	1.55069215046789e+02
3.31131121482587e+05	4.09384264431883e+00	1.54557229480932e+02
3.38844156139199e+05	4.05755688953668e+00	1.54037504334282e+02
3.46736850452528e+05	4.01988323337573e+00	1.53510084356151e+02
3.54813389233571e+05	3.98078127168087e+00	1.52975024464291e+02
3.63078054770097e+05	3.94021039074223e+00	1.52432390068039e+02
3.71535229097168e+05	3.89812984374594e+00	1.51882257370732e+02
3.80189396320557e+05	3.85449883205185e+00	1.51324713648305e+02
3.89045144994276e+05	3.80927659116714e+00	1.50759857500929e+02
3.98107170553493e+05	3.76242248123740e+00	1.50187799074506e+02
4.07380277804108e+05	3.71389608182731e+00	1.49608660248854e+02
4.16869383470331e+05	3.66365729071214e+00	1.49022574789441e+02
4.26579518801588e+05	3.61166642634829e+00	1.48429688459611e+02
4.36515832240161e+05	3.55788433363862e+00	1.47830159090344e+02
4.46683592150958e+05	3.50227249255510e+00	1.47224156604759e+02
4.57088189614870e+05	3.44479312912930e+00	1.46611862994756e+02
4.67735141287193e+05	3.38540932827103e+00	1.45993472247444e+02
4.78630092322633e+05	3.32408514782742e+00	1.45369190219259e+02
4.89778819368440e+05	3.26078573325069e+00	1.44739234456051e+02
5.01187233627266e+05	3.19547743220253e+00	1.44103833957726e+02
5.12861383991359e+05	3.12812790838872e+00	1.43463228886477e+02
5.24807460249766e+05	3.05870625388870e+00	1.42817670218067e+02
5.37031796370246e+05	2.98718309922329e+00	1.42167419336087e+02
5.49540873857618e+05	2.91353072039004e+00	1.41512747569622e+02
5.62341325190342e+05	2.83772314208982e+00	1.40853935675261e+02
5.75439937337150e+05	2.75973623637188e+00	1.40191273264936e+02
5.88843655355582e+05	2.67954781593714e+00	1.39525058181572e+02
6.02559586074350e+05	2.59713772136161e+00	1.38855595825111e+02
6.16595001861474e+05	2.51248790153362e+00	1.38183198431941e+02
6.30957344480185e+05	2.42558248663993e+00	1.37508184311300e+02
6.45654229034647e+05	2.33640785308600e+00	1.36830877042679e+02
6.60693448007588e+05	2.24495267979509e+00	1.36151604638691e+02
6.76082975391973e+05	2.15120799539786e+00	1.35470698678267e+02
6.91830970918928e+05	2.05516721589870e+00	1.34788493415380e+02
7.07945784384129e+05	1.95682617248537e+00	1.34105324868777e+02
7.24435960074981e+05	1.85618312923433e+00	1.33421529898448e+02
7.41310241300908e+05	1.75323879055334e+00	1.32737445274681e+02
7.58577575029174e+05	1.64799629829494e+00	1.32053406745668e+02
7.76247116628682e+05	1.54046121856694e+00	1.31369748109624e+02
7.94328234724271e+05	1.43064151835877e+00	1.30686800297345e+02
8.12830516164089e+05	1.31854753219305e+00	1.30004890470974e+02
8.31763771102660e+05	1.20419191909897e+00	1.29324341144587e+02
8.51138038202365e+05	1.08758961028733e+00	1.28645469331914e+02
8.70963589956069e+05	9.68757747983914e-01	1.27968585726226e+02
8.91250938133734e+05	8.47715615948555e-01	1.27293993917016e+02
9.12010839355898e+05	7.24484562269915e-01	1.26621989647703e+02
9.33254300796979e+05	5.99087915080288e-01	1.25952860118133e+02
9.54992586021423e+05	4.71550891880080e-01	1.25286883335128e+02
9.77237220955797e+05	3.41900503197511e-01	1.24624327513875e+02
9.99999999999986e+05	2.10165451335487e-01	1.23965450532361e+02
1.02329299228074e+06	7.63760249743400e-02	1.23310499440580e+02
1.04712854805089e+06	-5.94360095935945e-02	1.22659710025663e+02
1.07151930523759e+06	-1.97237519823138e-01	1.22013306433595e+02
1.09647819614317e+06	-3.36994120105306e-01	1.21371500847642e+02
1.12201845430195e+06	-4.78670286040508e-01	1.20734493223167e+02
1.14815362149687e+06	-6.22229469075937e-01	1.20102471078030e+02
1.17489755493951e+06	-7.67634210819295e-01	1.19475609337356e+02
1.20226443461740e+06	-9.14846256378729e-01	1.18854070231076e+02
1.23026877081236e+06	-1.06382666612151e+00	1.18238003242292e+02
1.25892541179415e+06	-1.21453592529022e+00	1.17627545104233e+02
1.28824955169312e+06	-1.36693405096467e+00	1.17022819843282e+02
1.31825673855639e+06	-1.52098069590917e+00	1.16423938865364e+02
1.34896288259163e+06	-1.67663524889729e+00	1.15831001082805e+02
1.38038426460287e+06	-1.83385693115943e+00	1.15244093078632e+02
1.41253754462273e+06	-1.99260488865121e+00	1.14663289305207e+02
1.44543977074591e+06	-2.15283827989253e+00	1.14088652314030e+02
1.47910838816819e+06	-2.31451635917747e+00	1.13520233013526e+02
1.51356124843619e+06	-2.47759855500320e+00	1.12958070951651e+02
1.54881661891246e+06	-2.64204454361233e+00	1.12402194620200e+02
1.58489319246109e+06	-2.80781431758557e+00	1.11852621777762e+02
1.62181009735891e+06	-2.97486824946187e+00	1.11309359788369e+02
1.65958690743754e+06	-3.14316715039987e+00	1.10772405973000e+02
1.69824365246172e+06	-3.31267232392755e+00	1.10241747971224e+02
1.73780082874935e+06	-3.48334561485724e+00	1.09717364110413e+02
1.77827941003890e+06	-3.65514945346922e+00	1.09199223780116e+02
1.81970085860996e+06	-3.82804689509071e+00	1.08687287809334e+02
1.86208713666284e+06	-4.00200165521630e+00	1.08181508844605e+02
1.90546071796322e+06	-4.17697814033293e+00	1.07681831726980e+02
1.94984459975802e+06	-4.35294147462609e+00	1.07188193866140e+02
1.99526231496885e+06	-4.52985752275452e+00	1.06700525610060e+02
2.04173794466950e+06	-4.70769290888897e+00	1.06218750608794e+02
2.08929613085401e+06	-4.88641503221651e+00	1.05742786171129e+02
2.13796208950220e+06	-5.06599207911493e+00	1.05272543612982e+02
2.18776162394952e+06	-5.24639303220375e+00	1.04807928596580e+02
2.23872113856831e+06	-5.42758767647776e+00	1.04348841459597e+02
2.29086765276774e+06	-5.60954660272725e+00	1.03895177533552e+02
2.34422881531989e+06	-5.79224120844585e+00	1.03446827450897e+02
2.39883291901946e+06	-5.97564369642239e+00	1.03003677440330e+02
2.45470891568499e+06	-6.15972707120763e+00	1.02565609609992e+02
2.51188643150954e+06	-6.34446513364082e+00	1.02132502218288e+02
2.57039578276883e+06	-6.52983247361348e+00	1.01704229932156e+02
2.63026799189534e+06	-6.71580446124073e+00	1.01280664072723e+02
2.69153480392688e+06	-6.90235723660238e+00	1.00861672848305e+02
2.75422870333813e+06	-7.08946769820788e+00	1.00447121574831e+02
2.81838293126441e+06	-7.27711349033072e+00	1.00036872883771e+02
2.88403150312656e+06	-7.46527298934947e+00	9.96307869177642e+01
2.95120922666634e+06	-7.65392528922436e+00	9.92287215141119e+01
3.01995172040197e+06	-7.84305018622949e+00	9.88305323764098e+01
3.09029543251354e+06	-8.03262816305287e+00	9.84360732345758e+01
3.16227766016833e+06	-8.22264037236831e+00	9.80451959935813e+01
3.23593656929623e+06	-8.41306861997515e+00	9.76577508712109e+01
3.31131121482586e+06	-8.60389534759441e+00	9.72735865251910e+01
3.38844156139197e+06	-8.79510361540258e+00	9.68925501700453e+01
3.46736850452526e+06	-8.98667708437720e+00	9.65144876840455e+01
3.54813389233570e+06	-9.17859999852178e+00	9.61392437066301e+01
3.63078054770096e+06	-9.37085716703117e+00	9.57666617266740e+01
3.71535229097167e+06	-9.56343394645256e+00	9.53965841619888e+01
3.80189396320555e+06	-9.75631622289159e+00	9.50288524304378e+01
3.89045144994275e+06	-9.94949039430768e+00	9.46633070130453e+01
3.98107170553491e+06	-1.01429433529378e+01	9.42997875094783e+01
4.07380277804106e+06	-1.03366624678829e+01	9.39381326862733e+01
4.16869383470329e+06	-1.05306355678877e+01	9.35781805181749e+01
4.26579518801586e+06	-1.07248509243395e+01	9.32197682229472e+01
4.36515832240159e+06	-1.09192972345077e+01	9.28627322900097e+01
4.46683592150956e+06	-1.11139636050447e+01	9.25069085032455e+01
4.57088189614868e+06	-1.13088395357625e+01	9.21521319583156e+01
4.67735141287191e+06	-1.15039149036976e+01	9.17982370748106e+01
4.78630092322631e+06	-1.16991799474756e+01	9.14450576035576e+01
4.89778819368438e+06	-1.18946252519822e+01	9.10924266293953e+01
5.01187233627264e+06	-1.20902417333462e+01	9.07401765697190e+01
5.12861383991357e+06	-1.22860206242386e+01	9.03881391690908e+01
5.24807460249764e+06	-1.24819534594886e+01	9.00361454902024e+01
5.37031796370244e+06	-1.26780320620171e+01	8.96840259014678e+01
5.49540873857616e+06	-1.28742485290863e+01	8.93316100615207e+01
5.62341325190340e+06	-1.30705952188626e+01	8.89787269008794e+01
5.75439937337148e+06	-1.32670647372887e+01	8.86252046010406e+01
5.88843655355579e+06	-1.34636499252606e+01	8.82708705712549e+01
6.02559586074348e+06	-1.36603438461035e+01	8.79155514232330e+01
6.16595001861472e+06	-1.38571397733402e+01	8.75590729440281e+01
6.30957344480183e+06	-1.40540311787448e+01	8.72012600673348e+01
6.45654229034645e+06	-1.42510117206745e+01	8.68419368434436e+01
6.60693448007585e+06	-1.44480752326709e+01	8.64809264080869e+01
6.76082975391971e+06	-1.46452157123231e+01	8.61180509504122e+01
6.91830970918925e+06	-1.48424273103837e+01	8.57531316803164e+01
7.07945784384126e+06	-1.50397043201285e+01	8.53859887953767e+01
7.24435960074978e+06	-1.52370411669521e+01	8.50164414476140e+01
7.41310241300905e+06	-1.54344323981896e+01	8.46443077103264e+01
7.58577575029171e+06	-1.56318726731565e+01	8.42694045452345e+01
7.76247116628679e+06	-1.58293567533972e+01	8.38915477701830e+01
7.94328234724268e+06	-1.60268794931347e+01	8.35105520276462e+01
8.12830516164086e+06	-1.62244358299127e+01	8.31262307542953e+01
8.31763771102657e+06	-1.64220207754226e+01	8.27383961518847e+01
8.51138038202362e+06	-1.66196294065079e+01	8.23468591597291e+01
8.70963589956066e+06	-1.68172568563394e+01	8.19514294290449e+01
8.91250938133731e+06	-1.70148983057541e+01	8.15519152994439e+01
9.12010839355894e+06	-1.72125489747529e+01	8.11481237778731e+01
9.33254300796975e+06	-1.74102041141518e+01	8.07398605203083e+01
9.54992586021420e+06	-1.76078589973816e+01	8.03269298165181e+01
9.77237220955794e+06	-1.78055089124331e+01	7.99091345782314e+01
1.00000000000000e+07	-1.80031491539460e+01	7.94862763310500e+01