# Photodiode spectrum recorded on Tue May  7 18:24:35 2024
# Acquisition time [s]: 345.23 s 
0.00000
0.00000
0.00000
0.00000
0.00000
0.00000
0.00000
0.00000
0.00000
0.00000
0.00000
0.00000
0.00000
0.00000
0.00000
0.00000
0.00000
0.00000
0.00000
0.00000
0.00000
0.00000
0.00000
0.00000
0.00000
0.00000
0.00000
0.00000
0.00000
0.00000
0.00000
0.00000
0.00000
0.00000
0.00000
0.00000
0.00000
0.00000
0.00000
0.00000
0.00000
0.00000
0.00000
0.00000
0.00000
0.00000
0.00000
0.00000
0.00000
0.00000
0.00000
0.00000
0.00000
0.00000
0.00000
0.00000
0.00000
0.00000
0.00000
0.00000
0.00000
0.00000
0.00000
0.00000
0.00000
0.00000
0.00000
2.00000
69.00000
224.00000
141.00000
119.00000
82.00000
64.00000
70.00000
63.00000
49.00000
31.00000
52.00000
51.00000
41.00000
58.00000
35.00000
36.00000
52.00000
49.00000
49.00000
36.00000
46.00000
43.00000
52.00000
50.00000
42.00000
44.00000
38.00000
54.00000
42.00000
39.00000
31.00000
45.00000
44.00000
52.00000
55.00000
48.00000
53.00000
49.00000
68.00000
76.00000
90.00000
77.00000
75.00000
96.00000
90.00000
92.00000
87.00000
87.00000
117.00000
109.00000
119.00000
150.00000
131.00000
166.00000
159.00000
170.00000
177.00000
186.00000
190.00000
170.00000
198.00000
191.00000
187.00000
198.00000
224.00000
211.00000
192.00000
202.00000
199.00000
187.00000
216.00000
194.00000
197.00000
202.00000
210.00000
214.00000
183.00000
188.00000
187.00000
189.00000
188.00000
188.00000
199.00000
191.00000
198.00000
183.00000
192.00000
196.00000
194.00000
219.00000
203.00000
201.00000
191.00000
209.00000
219.00000
222.00000
208.00000
194.00000
231.00000
158.00000
210.00000
187.00000
191.00000
166.00000
174.00000
162.00000
164.00000
168.00000
147.00000
163.00000
130.00000
116.00000
119.00000
100.00000
107.00000
101.00000
96.00000
90.00000
72.00000
91.00000
77.00000
60.00000
61.00000
68.00000
82.00000
67.00000
71.00000
61.00000
62.00000
47.00000
39.00000
46.00000
36.00000
47.00000
48.00000
43.00000
40.00000
34.00000
33.00000
34.00000
36.00000
26.00000
27.00000
25.00000
24.00000
27.00000
24.00000
29.00000
22.00000
19.00000
15.00000
20.00000
15.00000
11.00000
6.00000
16.00000
13.00000
7.00000
20.00000
16.00000
10.00000
13.00000
14.00000
13.00000
17.00000
15.00000
15.00000
13.00000
14.00000
17.00000
8.00000
13.00000
13.00000
8.00000
15.00000
6.00000
13.00000
12.00000
6.00000
7.00000
13.00000
8.00000
9.00000
7.00000
4.00000
6.00000
9.00000
6.00000
4.00000
6.00000
7.00000
3.00000
2.00000
6.00000
4.00000
4.00000
3.00000
1.00000
3.00000
3.00000
1.00000
2.00000
2.00000
1.00000
1.00000
0.00000
0.00000
0.00000
3.00000
3.00000
2.00000
2.00000
3.00000
1.00000
0.00000
1.00000
1.00000
4.00000
2.00000
0.00000
0.00000
0.00000
0.00000
0.00000
1.00000
0.00000
1.00000
2.00000
0.00000
3.00000
3.00000
1.00000
2.00000
0.00000
0.00000
3.00000
0.00000
1.00000
0.00000
0.00000
0.00000
0.00000
2.00000
3.00000
0.00000
0.00000
0.00000
1.00000
0.00000
0.00000
0.00000
0.00000
1.00000
1.00000
0.00000
4.00000
1.00000
0.00000
0.00000
1.00000
2.00000
0.00000
1.00000
2.00000
1.00000
2.00000
0.00000
0.00000
1.00000
0.00000
1.00000
2.00000
1.00000
0.00000
0.00000
1.00000
1.00000
0.00000
0.00000
0.00000
1.00000
0.00000
0.00000
1.00000
1.00000
1.00000
1.00000
3.00000
0.00000
0.00000
0.00000
1.00000
1.00000
0.00000
2.00000
0.00000
1.00000
1.00000
3.00000
1.00000
0.00000
1.00000
1.00000
0.00000
0.00000
0.00000
1.00000
1.00000
0.00000
0.00000
1.00000
2.00000
0.00000
0.00000
1.00000
0.00000
0.00000
0.00000
0.00000
2.00000
0.00000
1.00000
0.00000
2.00000
0.00000
0.00000
0.00000
0.00000
1.00000
0.00000
0.00000
0.00000
0.00000
0.00000
1.00000
0.00000
0.00000
1.00000
2.00000
0.00000
1.00000
0.00000
1.00000
1.00000
2.00000
0.00000
1.00000
1.00000
0.00000
1.00000
0.00000
0.00000
1.00000
0.00000
0.00000
1.00000
1.00000
0.00000
0.00000
2.00000
0.00000
0.00000
2.00000
0.00000
1.00000
1.00000
2.00000
0.00000
0.00000
2.00000
3.00000
1.00000
0.00000
2.00000
1.00000
1.00000
2.00000
3.00000
1.00000
1.00000
0.00000
2.00000
2.00000
0.00000
1.00000
2.00000
0.00000
1.00000
2.00000
0.00000
2.00000
0.00000
1.00000
1.00000
0.00000
5.00000
0.00000
1.00000
0.00000
0.00000
1.00000
1.00000
0.00000
0.00000
3.00000
0.00000
2.00000
0.00000
1.00000
0.00000
1.00000
3.00000
2.00000
1.00000
0.00000
1.00000
3.00000
1.00000
0.00000
0.00000
3.00000
2.00000
1.00000
1.00000
0.00000
3.00000
2.00000
0.00000
1.00000
1.00000
0.00000
0.00000
2.00000
1.00000
2.00000
1.00000
2.00000
1.00000
4.00000
0.00000
0.00000
2.00000
1.00000
1.00000
1.00000
1.00000
4.00000
2.00000
6.00000
5.00000
6.00000
5.00000
3.00000
3.00000
4.00000
7.00000
6.00000
8.00000
12.00000
5.00000
4.00000
13.00000
6.00000
12.00000
11.00000
10.00000
19.00000
9.00000
14.00000
13.00000
14.00000
15.00000
19.00000
12.00000
17.00000
10.00000
16.00000
18.00000
14.00000
12.00000
6.00000
14.00000
13.00000
9.00000
10.00000
16.00000
12.00000
8.00000
11.00000
6.00000
3.00000
7.00000
6.00000
3.00000
5.00000
5.00000
5.00000
4.00000
1.00000
2.00000
3.00000
2.00000
2.00000
3.00000
2.00000
0.00000
2.00000
1.00000
0.00000
1.00000
1.00000
0.00000
1.00000
0.00000
0.00000
0.00000
1.00000
1.00000
0.00000
0.00000
0.00000
0.00000
0.00000
0.00000
0.00000
0.00000
0.00000
0.00000
0.00000
0.00000
0.00000
0.00000
0.00000
1.00000
0.00000
0.00000
0.00000
0.00000
0.00000
0.00000
0.00000
0.00000
0.00000
0.00000
0.00000
0.00000
0.00000
0.00000
0.00000
0.00000
0.00000
0.00000
0.00000
0.00000
0.00000
0.00000
0.00000
0.00000
0.00000
0.00000
1.00000
0.00000
0.00000
0.00000
0.00000
0.00000
0.00000
0.00000
1.00000
1.00000
0.00000
0.00000
0.00000
0.00000
0.00000
0.00000
1.00000
0.00000
2.00000
0.00000
0.00000
0.00000
0.00000
1.00000
0.00000
0.00000
0.00000
0.00000
1.00000
0.00000
0.00000
0.00000
0.00000
0.00000
0.00000
0.00000
0.00000
1.00000
0.00000
0.00000
0.00000
0.00000
0.00000
0.00000
0.00000
0.00000
0.00000
0.00000
0.00000
0.00000
1.00000
0.00000
0.00000
0.00000
1.00000
0.00000
0.00000
0.00000
0.00000
0.00000
0.00000
0.00000
0.00000
0.00000
0.00000
0.00000
0.00000
0.00000
1.00000
1.00000
0.00000
0.00000
1.00000
0.00000
0.00000
0.00000
0.00000
0.00000
0.00000
0.00000
0.00000
0.00000
1.00000
0.00000
0.00000
0.00000
0.00000
0.00000
1.00000
0.00000
0.00000
0.00000
0.00000
0.00000
0.00000
0.00000
0.00000
0.00000
0.00000
0.00000
0.00000
0.00000
0.00000
0.00000
0.00000
1.00000
1.00000
0.00000
0.00000
0.00000
0.00000
2.00000
0.00000
0.00000
0.00000
0.00000
0.00000
0.00000
0.00000
0.00000
1.00000
0.00000
0.00000
1.00000
0.00000
0.00000
0.00000
0.00000
0.00000
0.00000
0.00000
1.00000
0.00000
0.00000
0.00000
0.00000
0.00000
0.00000
0.00000
0.00000
0.00000
0.00000
0.00000
1.00000
0.00000
0.00000
0.00000
0.00000
0.00000
0.00000
0.00000
0.00000
0.00000
0.00000
0.00000
0.00000
0.00000
0.00000
0.00000
0.00000
0.00000
0.00000
0.00000
0.00000
0.00000
0.00000
0.00000
0.00000
0.00000
0.00000
0.00000
0.00000
0.00000
0.00000
0.00000
0.00000
0.00000
0.00000
1.00000
1.00000
0.00000
0.00000
0.00000
0.00000
0.00000
1.00000
0.00000
0.00000
0.00000
0.00000
1.00000
0.00000
0.00000
0.00000
0.00000
0.00000
0.00000
0.00000
1.00000
0.00000
0.00000
0.00000
0.00000
0.00000
1.00000
0.00000
0.00000
0.00000
0.00000
0.00000
0.00000
0.00000
0.00000
0.00000
0.00000
0.00000
0.00000
0.00000
0.00000
0.00000
0.00000
0.00000
0.00000
0.00000
0.00000
0.00000
0.00000
0.00000
0.00000
0.00000
0.00000
0.00000
0.00000
0.00000
0.00000
0.00000
0.00000
0.00000
0.00000
0.00000
0.00000
0.00000
0.00000
0.00000
0.00000
0.00000
0.00000
0.00000
0.00000
0.00000
0.00000
0.00000
0.00000
0.00000
0.00000
0.00000
0.00000
0.00000
0.00000
0.00000
0.00000
0.00000
0.00000
0.00000
0.00000
0.00000
0.00000
0.00000
1.00000
0.00000
0.00000
0.00000
0.00000
0.00000
0.00000
0.00000
0.00000
0.00000
0.00000
0.00000
0.00000
1.00000
0.00000
0.00000
0.00000
0.00000
0.00000
0.00000
0.00000
0.00000
0.00000
0.00000
0.00000
0.00000
0.00000
0.00000
0.00000
0.00000
0.00000
0.00000
0.00000
0.00000
0.00000
0.00000
0.00000
0.00000
0.00000
0.00000
0.00000
0.00000
0.00000
0.00000
0.00000
0.00000
0.00000
0.00000
0.00000
0.00000
0.00000
0.00000
0.00000
0.00000
0.00000
1.00000
0.00000
0.00000
0.00000
0.00000
0.00000
0.00000
0.00000
0.00000
0.00000
0.00000
0.00000
0.00000
0.00000
0.00000
0.00000
0.00000
0.00000
0.00000
0.00000
0.00000
0.00000
0.00000
0.00000
0.00000
0.00000
0.00000
0.00000
0.00000
0.00000
0.00000
0.00000
0.00000
0.00000
0.00000
0.00000
0.00000
0.00000
0.00000
0.00000
0.00000
0.00000
0.00000
0.00000
0.00000
0.00000
0.00000
0.00000
0.00000
0.00000
0.00000
0.00000
0.00000
0.00000
0.00000
0.00000
0.00000
0.00000
0.00000
0.00000
0.00000
0.00000
0.00000
0.00000
0.00000
0.00000
0.00000
0.00000
0.00000
0.00000
1.00000
0.00000
0.00000
