# Photodiode spectrum recorded on Tue May  7 18:17:26 2024
# Acquisition time [s]: 409.91 s 
0.00000
0.00000
0.00000
0.00000
0.00000
0.00000
0.00000
0.00000
0.00000
0.00000
0.00000
0.00000
0.00000
0.00000
0.00000
0.00000
0.00000
0.00000
0.00000
0.00000
0.00000
0.00000
0.00000
0.00000
0.00000
0.00000
0.00000
0.00000
0.00000
0.00000
0.00000
0.00000
0.00000
0.00000
0.00000
0.00000
0.00000
0.00000
0.00000
0.00000
0.00000
0.00000
0.00000
0.00000
0.00000
0.00000
0.00000
0.00000
0.00000
0.00000
0.00000
0.00000
0.00000
0.00000
0.00000
0.00000
0.00000
0.00000
0.00000
0.00000
0.00000
0.00000
0.00000
0.00000
0.00000
0.00000
0.00000
1.00000
69.00000
175.00000
153.00000
87.00000
58.00000
57.00000
45.00000
31.00000
23.00000
17.00000
24.00000
19.00000
12.00000
24.00000
8.00000
14.00000
11.00000
13.00000
19.00000
11.00000
6.00000
17.00000
17.00000
15.00000
11.00000
16.00000
19.00000
12.00000
16.00000
16.00000
9.00000
19.00000
22.00000
10.00000
29.00000
36.00000
25.00000
17.00000
21.00000
25.00000
33.00000
38.00000
41.00000
31.00000
38.00000
60.00000
55.00000
63.00000
66.00000
82.00000
96.00000
91.00000
99.00000
125.00000
114.00000
141.00000
144.00000
161.00000
166.00000
185.00000
213.00000
228.00000
277.00000
258.00000
280.00000
339.00000
355.00000
355.00000
372.00000
410.00000
451.00000
466.00000
514.00000
507.00000
493.00000
534.00000
541.00000
610.00000
610.00000
614.00000
620.00000
616.00000
666.00000
638.00000
671.00000
665.00000
674.00000
651.00000
650.00000
677.00000
651.00000
645.00000
648.00000
621.00000
588.00000
622.00000
628.00000
619.00000
606.00000
614.00000
623.00000
615.00000
576.00000
570.00000
585.00000
558.00000
537.00000
548.00000
594.00000
485.00000
558.00000
521.00000
513.00000
569.00000
521.00000
519.00000
561.00000
536.00000
523.00000
540.00000
510.00000
558.00000
542.00000
534.00000
526.00000
569.00000
552.00000
540.00000
563.00000
542.00000
568.00000
524.00000
509.00000
520.00000
534.00000
498.00000
525.00000
527.00000
478.00000
508.00000
451.00000
474.00000
459.00000
415.00000
456.00000
435.00000
383.00000
399.00000
371.00000
370.00000
357.00000
341.00000
306.00000
307.00000
289.00000
288.00000
256.00000
234.00000
256.00000
219.00000
194.00000
184.00000
208.00000
162.00000
152.00000
132.00000
135.00000
130.00000
116.00000
104.00000
97.00000
82.00000
82.00000
62.00000
62.00000
61.00000
57.00000
50.00000
51.00000
43.00000
38.00000
31.00000
30.00000
26.00000
23.00000
22.00000
20.00000
16.00000
19.00000
15.00000
16.00000
9.00000
7.00000
6.00000
5.00000
4.00000
6.00000
5.00000
1.00000
1.00000
5.00000
1.00000
0.00000
2.00000
1.00000
3.00000
2.00000
0.00000
4.00000
0.00000
1.00000
0.00000
1.00000
1.00000
2.00000
1.00000
3.00000
2.00000
3.00000
1.00000
3.00000
4.00000
2.00000
3.00000
0.00000
4.00000
5.00000
1.00000
0.00000
1.00000
4.00000
3.00000
2.00000
2.00000
1.00000
1.00000
2.00000
1.00000
2.00000
1.00000
0.00000
2.00000
0.00000
1.00000
0.00000
0.00000
1.00000
0.00000
0.00000
1.00000
1.00000
1.00000
1.00000
1.00000
2.00000
1.00000
1.00000
0.00000
1.00000
1.00000
0.00000
1.00000
1.00000
1.00000
2.00000
0.00000
0.00000
0.00000
0.00000
1.00000
2.00000
1.00000
0.00000
1.00000
0.00000
0.00000
0.00000
1.00000
0.00000
0.00000
1.00000
0.00000
0.00000
1.00000
0.00000
0.00000
0.00000
0.00000
0.00000
1.00000
1.00000
3.00000
0.00000
1.00000
0.00000
0.00000
1.00000
0.00000
0.00000
1.00000
0.00000
1.00000
0.00000
1.00000
0.00000
0.00000
0.00000
0.00000
0.00000
2.00000
1.00000
0.00000
1.00000
0.00000
0.00000
1.00000
1.00000
0.00000
1.00000
0.00000
0.00000
0.00000
0.00000
0.00000
1.00000
1.00000
0.00000
0.00000
1.00000
0.00000
1.00000
0.00000
1.00000
1.00000
3.00000
0.00000
0.00000
0.00000
0.00000
1.00000
0.00000
0.00000
0.00000
0.00000
1.00000
1.00000
2.00000
0.00000
2.00000
1.00000
0.00000
1.00000
0.00000
2.00000
2.00000
0.00000
0.00000
0.00000
0.00000
0.00000
4.00000
1.00000
1.00000
0.00000
1.00000
3.00000
2.00000
0.00000
0.00000
1.00000
0.00000
2.00000
1.00000
0.00000
1.00000
2.00000
1.00000
2.00000
1.00000
2.00000
0.00000
1.00000
3.00000
3.00000
2.00000
5.00000
2.00000
3.00000
3.00000
1.00000
2.00000
1.00000
2.00000
2.00000
2.00000
0.00000
1.00000
1.00000
3.00000
3.00000
4.00000
0.00000
3.00000
3.00000
1.00000
1.00000
0.00000
0.00000
1.00000
0.00000
2.00000
0.00000
0.00000
3.00000
2.00000
1.00000
0.00000
1.00000
2.00000
0.00000
7.00000
4.00000
2.00000
4.00000
3.00000
1.00000
4.00000
2.00000
0.00000
2.00000
4.00000
2.00000
2.00000
0.00000
2.00000
2.00000
1.00000
3.00000
4.00000
6.00000
5.00000
3.00000
2.00000
4.00000
3.00000
3.00000
1.00000
7.00000
6.00000
6.00000
5.00000
5.00000
9.00000
9.00000
10.00000
9.00000
3.00000
9.00000
14.00000
15.00000
10.00000
16.00000
20.00000
21.00000
17.00000
15.00000
10.00000
23.00000
11.00000
21.00000
21.00000
23.00000
18.00000
21.00000
24.00000
15.00000
15.00000
21.00000
21.00000
17.00000
9.00000
20.00000
20.00000
19.00000
13.00000
7.00000
10.00000
8.00000
16.00000
6.00000
10.00000
7.00000
4.00000
5.00000
7.00000
5.00000
3.00000
2.00000
5.00000
2.00000
5.00000
2.00000
0.00000
2.00000
1.00000
1.00000
1.00000
0.00000
0.00000
0.00000
2.00000
1.00000
2.00000
0.00000
0.00000
0.00000
0.00000
0.00000
0.00000
0.00000
0.00000
0.00000
0.00000
0.00000
0.00000
0.00000
0.00000
0.00000
0.00000
0.00000
0.00000
0.00000
0.00000
0.00000
0.00000
1.00000
1.00000
0.00000
0.00000
0.00000
0.00000
0.00000
0.00000
0.00000
0.00000
0.00000
0.00000
0.00000
0.00000
0.00000
0.00000
0.00000
0.00000
0.00000
0.00000
0.00000
0.00000
0.00000
0.00000
0.00000
0.00000
0.00000
0.00000
0.00000
0.00000
0.00000
0.00000
0.00000
0.00000
0.00000
0.00000
0.00000
0.00000
0.00000
0.00000
0.00000
0.00000
0.00000
0.00000
1.00000
1.00000
0.00000
0.00000
0.00000
0.00000
0.00000
0.00000
0.00000
1.00000
0.00000
0.00000
0.00000
0.00000
0.00000
0.00000
0.00000
0.00000
0.00000
0.00000
0.00000
0.00000
0.00000
0.00000
0.00000
0.00000
0.00000
0.00000
0.00000
0.00000
0.00000
0.00000
0.00000
0.00000
0.00000
0.00000
0.00000
0.00000
0.00000
0.00000
0.00000
0.00000
0.00000
0.00000
0.00000
0.00000
0.00000
0.00000
0.00000
0.00000
0.00000
0.00000
0.00000
0.00000
0.00000
0.00000
0.00000
0.00000
1.00000
0.00000
0.00000
0.00000
0.00000
0.00000
0.00000
0.00000
0.00000
0.00000
0.00000
0.00000
0.00000
0.00000
0.00000
0.00000
0.00000
0.00000
0.00000
0.00000
0.00000
0.00000
0.00000
0.00000
0.00000
0.00000
0.00000
0.00000
0.00000
0.00000
0.00000
0.00000
0.00000
0.00000
0.00000
0.00000
0.00000
0.00000
0.00000
0.00000
0.00000
0.00000
0.00000
0.00000
0.00000
0.00000
0.00000
0.00000
0.00000
0.00000
0.00000
0.00000
0.00000
0.00000
0.00000
0.00000
0.00000
0.00000
0.00000
0.00000
0.00000
0.00000
0.00000
0.00000
0.00000
0.00000
0.00000
0.00000
0.00000
0.00000
0.00000
0.00000
0.00000
0.00000
1.00000
0.00000
0.00000
0.00000
0.00000
0.00000
0.00000
0.00000
0.00000
0.00000
0.00000
0.00000
0.00000
0.00000
1.00000
0.00000
0.00000
0.00000
0.00000
0.00000
0.00000
0.00000
0.00000
0.00000
0.00000
0.00000
0.00000
0.00000
0.00000
0.00000
0.00000
0.00000
0.00000
0.00000
0.00000
0.00000
0.00000
0.00000
0.00000
0.00000
0.00000
0.00000
0.00000
0.00000
0.00000
0.00000
0.00000
0.00000
0.00000
0.00000
0.00000
0.00000
0.00000
0.00000
0.00000
0.00000
0.00000
0.00000
0.00000
0.00000
0.00000
0.00000
0.00000
0.00000
0.00000
0.00000
0.00000
0.00000
0.00000
0.00000
0.00000
0.00000
0.00000
0.00000
1.00000
0.00000
0.00000
0.00000
0.00000
0.00000
0.00000
0.00000
0.00000
0.00000
0.00000
0.00000
0.00000
0.00000
0.00000
1.00000
0.00000
0.00000
0.00000
0.00000
0.00000
0.00000
0.00000
0.00000
0.00000
0.00000
0.00000
0.00000
0.00000
0.00000
0.00000
0.00000
0.00000
0.00000
0.00000
0.00000
0.00000
0.00000
0.00000
0.00000
0.00000
0.00000
0.00000
0.00000
0.00000
0.00000
0.00000
0.00000
0.00000
0.00000
0.00000
0.00000
0.00000
0.00000
0.00000
0.00000
0.00000
0.00000
0.00000
0.00000
0.00000
0.00000
0.00000
0.00000
0.00000
0.00000
0.00000
1.00000
0.00000
0.00000
0.00000
0.00000
0.00000
0.00000
0.00000
0.00000
1.00000
0.00000
0.00000
0.00000
0.00000
0.00000
0.00000
1.00000
0.00000
0.00000
0.00000
0.00000
0.00000
0.00000
0.00000
0.00000
0.00000
0.00000
0.00000
0.00000
0.00000
0.00000
0.00000
0.00000
0.00000
0.00000
0.00000
0.00000
0.00000
0.00000
0.00000
0.00000
0.00000
0.00000
0.00000
0.00000
0.00000
0.00000
0.00000
0.00000
0.00000
0.00000
0.00000
0.00000
0.00000
0.00000
0.00000
0.00000
0.00000
0.00000
0.00000
0.00000
0.00000
0.00000
0.00000
0.00000
0.00000
0.00000
0.00000
0.00000
0.00000
0.00000
0.00000
0.00000
0.00000
0.00000
0.00000
0.00000
0.00000
0.00000
0.00000
0.00000
0.00000
0.00000
0.00000
0.00000
0.00000
0.00000
0.00000
0.00000
0.00000
0.00000
0.00000
0.00000
0.00000
1.00000
0.00000
0.00000
0.00000
0.00000
0.00000
0.00000
0.00000
0.00000
0.00000
