time	                 Vout	          Vin	          V2	            Vo'
0.000000000000000e+00	0.000000e+00	0.000000e+00	0.000000e+00	0.000000e+00
2.799999994520043e-10	1.242869e-09	-1.953908e-06	-2.746498e-08	-2.166057e-09
5.599999989040086e-10	1.612201e-09	-1.832881e-06	-3.280351e-08	-2.051106e-09
8.399999983560129e-10	1.107996e-09	3.630803e-07	-1.601559e-08	3.448515e-10
1.119999997808017e-09	-2.697462e-10	4.633976e-06	2.289877e-08	5.021817e-09
1.399999997260021e-09	-2.521026e-09	1.097981e-05	8.393958e-08	1.197979e-08
1.679999996712026e-09	-5.645843e-09	1.940057e-05	1.671068e-07	2.121877e-08
1.959999996164029e-09	-9.644197e-09	2.989627e-05	2.724005e-07	3.273876e-08
9.127999967522114e-09	-1.134896e-06	2.532510e-04	1.601271e-05	-1.666669e-07
1.731999993478850e-08	-5.081620e-06	5.087451e-04	5.936417e-05	-2.542566e-06
3.370399986932126e-08	-2.214654e-05	1.020257e-03	2.006720e-04	-1.744882e-05
6.124241820441776e-08	-7.523601e-05	1.880948e-03	5.283400e-04	-7.333556e-05
8.942198303738399e-08	-1.668733e-04	2.762275e-03	9.309800e-04	-1.822223e-04
1.284781667664425e-07	-3.616785e-04	3.984038e-03	1.533967e-03	-4.330336e-04
1.755785497319305e-07	-7.070201e-04	5.457406e-03	2.258714e-03	-9.095477e-04
2.585387010520656e-07	-1.602847e-03	8.051944e-03	3.461625e-03	-2.243662e-03
4.103366155719257e-07	-4.031699e-03	1.279734e-02	5.405544e-03	-6.277156e-03
7.139324446116459e-07	-1.107584e-02	2.228194e-02	8.552966e-03	-2.023001e-02
1.321124102691086e-06	-2.965052e-02	4.123560e-02	1.316473e-02	-6.717394e-02
2.228831892280675e-06	-6.083455e-02	6.954869e-02	1.574861e-02	-1.719303e-01
3.024148800959330e-06	-8.291343e-02	9.431254e-02	4.948963e-03	-2.893387e-01
3.643064067113001e-06	-8.249593e-02	1.134660e-01	-2.316309e-02	-3.834322e-01
4.424428926938687e-06	-5.066060e-02	1.376029e-01	-7.385676e-02	-4.806947e-01
5.188308300093288e-06	9.794415e-05	1.612886e-01	-1.170456e-01	-5.463088e-01
6.432953943105647e-06	8.626910e-02	1.999650e-01	-1.701860e-01	-6.185229e-01
7.564854759005922e-06	1.505044e-01	2.351502e-01	-2.101567e-01	-6.693099e-01
9.556680691135095e-06	2.389613e-01	2.970205e-01	-2.744196e-01	-7.463157e-01
1.182979933861816e-05	3.258382e-01	3.675607e-01	-3.461085e-01	-8.286574e-01
1.637603663358428e-05	4.884337e-01	5.083968e-01	-4.879404e-01	-9.858053e-01
2.294063489838137e-05	7.190703e-01	7.109986e-01	-6.910157e-01	-1.204406e+00
3.606983142797557e-05	1.172304e+00	1.112231e+00	-1.090781e+00	-1.624393e+00
5.838460412735646e-05	1.914425e+00	1.775391e+00	-1.745020e+00	-2.300239e+00
9.305708227624361e-05	2.959946e+00	2.732119e+00	-2.664739e+00	-3.239829e+00
1.484767654645810e-04	4.373960e+00	3.976614e+00	-3.903840e+00	-4.497774e+00
1.803437708973250e-04	5.000069e+00	4.483456e+00	-4.449149e+00	-5.049689e+00
2.030482798236732e-04	5.312391e+00	4.736188e+00	-4.718595e+00	-5.321860e+00
2.198561839931461e-04	5.466891e+00	4.861513e+00	-4.849907e+00	-5.454406e+00
2.370368999176741e-04	5.550972e+00	4.933626e+00	-4.918613e+00	-5.523765e+00
2.601734794888611e-04	5.564570e+00	4.939931e+00	-4.922909e+00	-5.528110e+00
2.815606859449214e-04	5.464517e+00	4.853038e+00	-4.827248e+00	-5.431536e+00
3.162605236841526e-04	5.057897e+00	4.527223e+00	-4.456409e+00	-5.056866e+00
3.717003560890315e-04	3.922388e+00	3.572041e+00	-3.436545e+00	-4.021975e+00
4.559294965162643e-04	1.558645e+00	1.353266e+00	-1.328416e+00	-1.863549e+00
4.849423398078899e-04	6.132029e-01	4.676584e-01	-4.875837e-01	-9.622648e-01
4.991584900364548e-04	1.273766e-01	2.619074e-02	-5.463151e-02	-4.491710e-01
4.999049030196968e-04	1.065018e-01	2.956762e-03	-3.644477e-02	-4.112845e-01
5.013977289861810e-04	8.292463e-02	-4.355726e-02	-1.672426e-02	-2.996119e-01
5.023040187562178e-04	8.551628e-02	-7.185535e-02	-1.591381e-02	-1.972504e-01
5.031545401495354e-04	1.053287e-01	-9.840620e-02	-2.157357e-02	-5.654844e-02
5.039794295513153e-04	1.333653e-01	-1.241280e-01	-2.593839e-02	1.150173e-01
5.044209273473264e-04	1.489625e-01	-1.378515e-01	-2.485250e-02	2.147278e-01
5.047876977401958e-04	1.593042e-01	-1.491554e-01	-1.954190e-02	2.867147e-01
5.052943732466397e-04	1.684770e-01	-1.647353e-01	-1.038507e-02	3.529395e-01
5.057616654191798e-04	1.746993e-01	-1.791928e-01	-5.893472e-03	3.840912e-01
5.063758062782214e-04	1.842302e-01	-1.982619e-01	-4.951696e-03	4.007316e-01
5.069544751301607e-04	1.966898e-01	-2.162456e-01	-5.386078e-03	4.079900e-01
5.079355972458865e-04	2.228673e-01	-2.467306e-01	-6.051085e-03	4.151320e-01
5.092531578017605e-04	2.615328e-01	-2.876499e-01	-6.333383e-03	4.224051e-01
5.118882789135083e-04	3.415678e-01	-3.694245e-01	-6.343835e-03	4.337232e-01
5.158654945463262e-04	4.628485e-01	-4.926492e-01	-6.262305e-03	4.465405e-01
5.238199258119618e-04	7.044845e-01	-7.381008e-01	-6.146043e-03	4.646256e-01
5.348980146904443e-04	1.037252e+00	-1.076737e+00	-6.015684e-03	4.818565e-01
5.526361063530422e-04	1.556805e+00	-1.607422e+00	-5.789544e-03	5.001004e-01
5.765269370170486e-04	2.215512e+00	-2.289494e+00	-5.394118e-03	5.161136e-01
6.164023829326278e-04	3.173093e+00	-3.306121e+00	-4.489409e-03	5.325778e-01
6.706254200770762e-04	4.221703e+00	-4.347097e+00	-2.906044e-03	5.463545e-01
6.960018542108385e-04	4.576148e+00	-4.667864e+00	-2.042248e-03	5.502431e-01
7.145936167524249e-04	4.744139e+00	-4.828057e+00	-1.364643e-03	5.518866e-01
7.306345151063713e-04	4.832963e+00	-4.913443e+00	-7.625198e-04	5.527188e-01
7.459579473111335e-04	4.868569e+00	-4.948444e+00	-1.792559e-04	5.530363e-01
7.634979990224721e-04	4.848403e+00	-4.932247e+00	4.885018e-04	5.528262e-01
7.869682524445985e-04	4.716531e+00	-4.817101e+00	1.367913e-03	5.515212e-01
8.249871722510449e-04	4.266741e+00	-4.410692e+00	2.697803e-03	5.465502e-01
8.853784807832396e-04	3.109143e+00	-3.264670e+00	4.446493e-03	5.288519e-01
9.550759138553247e-04	1.370038e+00	-1.378735e+00	5.890284e-03	4.928043e-01
9.647542560124595e-04	1.093823e+00	-1.087261e+00	6.023906e-03	4.820506e-01
9.841144846414838e-04	5.099158e-01	-4.932343e-01	6.290191e-03	4.488365e-01
9.841570164185415e-04	5.086073e-01	-4.919179e-01	6.298480e-03	4.487219e-01
9.841995481955992e-04	5.072990e-01	-4.906016e-01	6.304765e-03	4.486062e-01
9.842420799726569e-04	5.059911e-01	-4.892852e-01	6.309046e-03	4.484894e-01
9.842846117497145e-04	5.046834e-01	-4.879688e-01	6.311323e-03	4.483715e-01
9.843271435267722e-04	5.033760e-01	-4.866523e-01	6.311596e-03	4.482525e-01
9.843696753038299e-04	5.020689e-01	-4.853359e-01	6.309865e-03	4.481324e-01
9.844122070808876e-04	5.007620e-01	-4.840195e-01	6.306130e-03	4.480112e-01
9.865293444277609e-04	4.358853e-01	-4.184465e-01	6.325725e-03	4.413366e-01
9.889489299670447e-04	3.617141e-01	-3.434154e-01	6.401735e-03	4.314329e-01
9.937881010456120e-04	2.130175e-01	-1.931307e-01	6.702610e-03	4.045831e-01
9.962904398655640e-04	1.357379e-01	-1.153351e-01	7.086673e-03	3.833462e-01
9.979081955838011e-04	8.528063e-02	-6.501927e-02	7.695572e-03	3.608373e-01
9.991754623494434e-04	4.504927e-02	-2.559002e-02	8.789754e-03	3.324207e-01
1.000088891343703e-03	1.507505e-02	2.845756e-03	1.045942e-02	2.988332e-01
1.000893872433978e-03	-1.273626e-02	2.792499e-02	1.302507e-02	2.505674e-01
1.001672807697717e-03	-4.132999e-02	5.221067e-02	1.641560e-02	1.774324e-01
1.002526816712113e-03	-7.428671e-02	7.884351e-02	2.045765e-02	6.014937e-02
1.003425952638019e-03	-1.083895e-01	1.068804e-01	2.179757e-02	-1.048886e-01
1.004263739794327e-03	-1.311321e-01	1.329572e-01	5.378112e-03	-2.861412e-01
1.004808015111650e-03	-1.243360e-01	1.497256e-01	-3.038572e-02	-3.988975e-01
1.005511599387889e-03	-7.788935e-02	1.713760e-01	-9.406679e-02	-5.106726e-01
1.006168568731387e-03	-1.446867e-02	1.917263e-01	-1.416236e-01	-5.789194e-01
1.007045628278656e-03	6.945642e-02	2.189750e-01	-1.853216e-01	-6.368405e-01
1.008077130616628e-03	1.472581e-01	2.510449e-01	-2.247083e-01	-6.865366e-01
1.009589606815249e-03	2.302607e-01	2.980344e-01	-2.750108e-01	-7.469890e-01
1.011554278447576e-03	3.132119e-01	3.590137e-01	-3.374164e-01	-8.190461e-01
1.014590931945702e-03	4.249659e-01	4.531395e-01	-4.324263e-01	-9.252628e-01
1.019478148147907e-03	5.978567e-01	6.042659e-01	-5.841818e-01	-1.090268e+00
1.029197017341161e-03	9.361325e-01	9.029669e-01	-8.824617e-01	-1.406484e+00
1.048634755727670e-03	1.595819e+00	1.489174e+00	-1.464253e+00	-2.011312e+00
1.075653583822289e-03	2.454180e+00	2.265332e+00	-2.220196e+00	-2.786769e+00
1.123020207806123e-03	3.761006e+00	3.456371e+00	-3.367466e+00	-3.953913e+00
1.172393555569123e-03	4.849544e+00	4.373106e+00	-4.318198e+00	-4.917119e+00
1.197276436399079e-03	5.243526e+00	4.680891e+00	-4.659462e+00	-5.262104e+00
1.215542711979993e-03	5.433801e+00	4.834472e+00	-4.822024e+00	-5.426261e+00
1.231814230984292e-03	5.537731e+00	4.917756e+00	-4.908648e+00	-5.513703e+00
1.248053787619124e-03	5.582080e+00	4.949668e+00	-4.942472e+00	-5.547849e+00
1.264277226718423e-03	5.561513e+00	4.930139e+00	-4.918829e+00	-5.523988e+00
1.288235220376598e-03	5.407298e+00	4.807888e+00	-4.774435e+00	-5.378202e+00
1.327028084604212e-03	4.879836e+00	4.381540e+00	-4.295625e+00	-4.894146e+00
1.388558256391207e-03	3.542198e+00	3.189721e+00	-3.095812e+00	-3.677100e+00
1.446454736468097e-03	1.916911e+00	1.634160e+00	-1.646209e+00	-2.200554e+00
1.453158756010620e-03	1.701894e+00	1.435949e+00	-1.455031e+00	-2.004095e+00
1.466566795095664e-03	1.245545e+00	1.032243e+00	-1.049707e+00	-1.577996e+00
1.493382873265753e-03	3.322607e-01	2.057777e-01	-2.349769e-01	-6.331213e-01
1.501302479691711e-03	7.802927e-02	-4.054429e-02	-3.993544e-03	-2.729741e-01
1.501338120408555e-03	7.709046e-02	-4.165832e-02	-3.686396e-03	-2.707028e-01
1.501409401842243e-03	7.569636e-02	-4.388829e-02	-4.540481e-03	-2.651996e-01
1.501551964709620e-03	7.400411e-02	-4.835035e-02	-6.402379e-03	-2.528757e-01
1.501837090444374e-03	7.415621e-02	-5.726818e-02	-9.904589e-03	-2.230000e-01
1.502380461189121e-03	8.305062e-02	-7.424710e-02	-1.544112e-02	-1.474350e-01
1.503467202678615e-03	1.146047e-01	-1.081612e-01	-2.371192e-02	4.622274e-02
1.504060252476209e-03	1.353743e-01	-1.266371e-01	-2.527705e-02	1.705537e-01
1.504467807953403e-03	1.488967e-01	-1.392591e-01	-2.194828e-02	2.566183e-01
1.504860126233778e-03	1.583109e-01	-1.513229e-01	-1.514398e-02	3.209502e-01
1.505326838939015e-03	1.655948e-01	-1.657112e-01	-8.149816e-03	3.672587e-01
1.505780919263663e-03	1.718919e-01	-1.797846e-01	-5.392455e-03	3.892342e-01
1.506384181624414e-03	1.826253e-01	-1.985230e-01	-5.138098e-03	4.018570e-01
1.507058386954114e-03	1.984292e-01	-2.194760e-01	-5.652749e-03	4.090454e-01
1.508129612490219e-03	2.281722e-01	-2.527576e-01	-6.178210e-03	4.163086e-01
1.509787672800723e-03	2.776217e-01	-3.042446e-01	-6.367057e-03	4.249406e-01
1.512689022760679e-03	3.659782e-01	-3.942544e-01	-6.329766e-03	4.365134e-01
1.518177407281259e-03	5.332495e-01	-5.641425e-01	-6.223080e-03	4.525173e-01
1.526677918485645e-03	7.907689e-01	-8.258724e-01	-6.111464e-03	4.697298e-01
1.540430394862653e-03	1.201501e+00	-1.244000e+00	-5.950002e-03	4.884433e-01
1.558572062415928e-03	1.725062e+00	-1.780879e+00	-5.701427e-03	5.047746e-01
1.588636226839478e-03	2.528769e+00	-2.616466e+00	-5.151839e-03	5.221032e-01
1.630017119750650e-03	3.475753e+00	-3.608798e+00	-4.135023e-03	5.370592e-01
1.677049663341536e-03	4.322649e+00	-4.439098e+00	-2.695372e-03	5.475376e-01
1.700648835765482e-03	4.624828e+00	-4.713968e+00	-1.875450e-03	5.507475e-01
1.718059990979702e-03	4.767159e+00	-4.850697e+00	-1.235247e-03	5.521154e-01
1.734870267158176e-03	4.844392e+00	-4.927691e+00	-6.017429e-04	5.528224e-01
1.753481128352025e-03	4.867633e+00	-4.948855e+00	1.076082e-04	5.530199e-01
1.770667583238502e-03	4.822766e+00	-4.908360e+00	7.599707e-04	5.525742e-01
1.798616319481342e-03	4.607682e+00	-4.720884e+00	1.790569e-03	5.503849e-01
1.843689421236757e-03	3.953123e+00	-4.116846e+00	3.288465e-03	5.424286e-01
1.914214269925417e-03	2.507469e+00	-2.540766e+00	5.213333e-03	5.220580e-01
1.923523733370552e-03	2.274603e+00	-2.288072e+00	5.405624e-03	5.177269e-01
1.942142660260823e-03	1.747743e+00	-1.760092e+00	5.699582e-03	5.025517e-01
1.979380514041363e-03	6.540223e-01	-6.394995e-01	6.144136e-03	4.603463e-01
1.979653612508910e-03	6.457533e-01	-6.310754e-01	6.171627e-03	4.598504e-01
1.980017743798971e-03	6.346682e-01	-6.198406e-01	6.195166e-03	4.590823e-01
1.985115581859832e-03	4.790336e-01	-4.622433e-01	6.295665e-03	4.449490e-01
1.990941682500816e-03	3.006238e-01	-2.815598e-01	6.454238e-03	4.229824e-01
1.992398207661062e-03	2.558868e-01	-2.363201e-01	6.540387e-03	4.152721e-01
1.995311257981554e-03	1.660739e-01	-1.457818e-01	6.878253e-03	3.936889e-01
1.996903283244716e-03	1.166346e-01	-9.627615e-02	7.296877e-03	3.751091e-01
1.998994869608112e-03	5.072492e-02	-3.121142e-02	8.661589e-03	3.347389e-01
2.000073119785774e-03	1.559306e-02	2.354220e-03	1.044311e-02	2.983404e-01
2.000891561385041e-03	-1.260962e-02	2.785297e-02	1.301279e-02	2.504885e-01
2.001647455738737e-03	-4.034083e-02	5.142009e-02	1.629484e-02	1.802448e-01
2.002495807144098e-03	-7.306431e-02	7.787651e-02	2.031671e-02	6.479814e-02
2.003397880483881e-03	-1.073079e-01	1.060052e-01	2.178680e-02	-9.962089e-02
2.004256852389432e-03	-1.308784e-01	1.327439e-01	5.473906e-03	-2.848517e-01
2.004804505154947e-03	-1.242394e-01	1.496176e-01	-3.017679e-02	-3.982126e-01
2.005514551114319e-03	-7.749942e-02	1.714670e-01	-9.435691e-02	-5.110666e-01
2.006168418521334e-03	-1.443978e-02	1.917216e-01	-1.416523e-01	-5.789606e-01
2.007050525006837e-03	6.993322e-02	2.191272e-01	-1.855338e-01	-6.371142e-01
2.008078497945254e-03	1.473809e-01	2.510875e-01	-2.247646e-01	-6.866072e-01
2.009599208421088e-03	2.307221e-01	2.983326e-01	-2.753198e-01	-7.473528e-01
2.011556234301353e-03	3.133008e-01	3.590744e-01	-3.374788e-01	-8.191168e-01
2.014615961399969e-03	4.258581e-01	4.539147e-01	-4.332067e-01	-9.261243e-01
2.019483078662388e-03	5.980335e-01	6.044180e-01	-5.843357e-01	-1.090440e+00
2.029217313187225e-03	9.368297e-01	9.035875e-01	-8.830770e-01	-1.407128e+00
2.048685782236899e-03	1.597507e+00	1.490687e+00	-1.465740e+00	-2.012844e+00
2.075738230598360e-03	2.456760e+00	2.267672e+00	-2.222466e+00	-2.789086e+00
2.123126329996628e-03	3.763856e+00	3.458732e+00	-3.369965e+00	-3.956450e+00
2.172380240384432e-03	4.849443e+00	4.372912e+00	-4.318112e+00	-4.917033e+00
2.197266825302851e-03	5.243406e+00	4.680794e+00	-4.659358e+00	-5.261999e+00
2.215535550440008e-03	5.433743e+00	4.834424e+00	-4.821975e+00	-5.426212e+00
2.231805331098958e-03	5.537698e+00	4.917724e+00	-4.908622e+00	-5.513678e+00
2.248037977736651e-03	5.582063e+00	4.949662e+00	-4.942461e+00	-5.547839e+00
2.264271349728560e-03	5.561519e+00	4.930155e+00	-4.918836e+00	-5.523995e+00
2.288225665604677e-03	5.407387e+00	4.807958e+00	-4.774517e+00	-5.378285e+00
2.327012698752136e-03	4.880106e+00	4.381763e+00	-4.295869e+00	-4.894392e+00
2.388534313364814e-03	3.542805e+00	3.190291e+00	-3.096354e+00	-3.677651e+00
2.446445266626820e-03	1.917219e+00	1.634438e+00	-1.646482e+00	-2.200835e+00
2.453149924395707e-03	1.702190e+00	1.436212e+00	-1.455293e+00	-2.004365e+00
2.466559239933482e-03	1.245802e+00	1.032472e+00	-1.049935e+00	-1.578237e+00
2.493377871009032e-03	3.323780e-01	2.059331e-01	-2.350964e-01	-6.335199e-01
2.501298701609669e-03	7.801577e-02	-4.042652e-02	-4.020493e-03	-2.736797e-01
2.501334403527206e-03	7.707429e-02	-4.154245e-02	-3.710759e-03	-2.714085e-01
2.501405807362281e-03	7.567482e-02	-4.377623e-02	-4.559010e-03	-2.659064e-01
2.501548615032430e-03	7.397328e-02	-4.824588e-02	-6.410984e-03	-2.535830e-01
2.501834230372728e-03	7.411734e-02	-5.717893e-02	-9.900713e-03	-2.236888e-01
2.502380403323368e-03	8.305950e-02	-7.424535e-02	-1.544788e-02	-1.477313e-01
2.503472749224646e-03	1.147956e-01	-1.083342e-01	-2.374272e-02	4.703326e-02
2.504064610732671e-03	1.355267e-01	-1.267727e-01	-2.527724e-02	1.711716e-01
2.504471794573086e-03	1.490216e-01	-1.393824e-01	-2.191603e-02	2.571114e-01
2.504864470814075e-03	1.584187e-01	-1.514570e-01	-1.508983e-02	3.213617e-01
2.505330705614118e-03	1.656748e-01	-1.658310e-01	-8.115979e-03	3.674794e-01
2.505782050187661e-03	1.719316e-01	-1.798198e-01	-5.388939e-03	3.892532e-01
2.506386990436243e-03	1.826995e-01	-1.986102e-01	-5.139612e-03	4.018825e-01
2.507060516338821e-03	1.984915e-01	-2.195422e-01	-5.652702e-03	4.090616e-01
2.508135440917632e-03	2.283441e-01	-2.529386e-01	-6.179214e-03	4.163432e-01
2.509790596711570e-03	2.777097e-01	-3.043354e-01	-6.367228e-03	4.249549e-01
2.512700342304258e-03	3.663238e-01	-3.946054e-01	-6.329453e-03	4.365531e-01
2.518187033935903e-03	5.335421e-01	-5.644399e-01	-6.222930e-03	4.525412e-01
2.526705949559326e-03	7.916147e-01	-8.267319e-01	-6.111133e-03	4.697764e-01
2.540455948736342e-03	1.202255e+00	-1.244770e+00	-5.949686e-03	4.884722e-01
2.558623211346293e-03	1.726504e+00	-1.782363e+00	-5.700643e-03	5.048118e-01
2.588698708005520e-03	2.530328e+00	-2.618115e+00	-5.150505e-03	5.221317e-01
2.630127934001395e-03	3.478107e+00	-3.611156e+00	-4.131991e-03	5.370915e-01
2.677075934512628e-03	4.323099e+00	-4.439460e+00	-2.694517e-03	5.475429e-01
2.700667928184011e-03	4.625020e+00	-4.714149e+00	-1.874765e-03	5.507493e-01
2.718074266714056e-03	4.767250e+00	-4.850785e+00	-1.234715e-03	5.521162e-01
2.734887459298359e-03	4.844431e+00	-4.927742e+00	-6.010866e-04	5.528227e-01
2.753511651407942e-03	4.867589e+00	-4.948834e+00	1.087721e-04	5.530195e-01
2.770717279871041e-03	4.822526e+00	-4.908159e+00	7.618486e-04	5.525719e-01
2.798696977913582e-03	4.606835e+00	-4.720129e+00	1.793454e-03	5.503761e-01
2.843818409002288e-03	3.950773e+00	-4.114617e+00	3.292363e-03	5.423955e-01
2.914410643654454e-03	2.502312e+00	-2.535523e+00	5.217420e-03	5.219606e-01
2.923723968575138e-03	2.269173e+00	-2.282548e+00	5.409431e-03	5.176148e-01
2.942350618416506e-03	1.741820e+00	-1.754046e+00	5.702762e-03	5.023555e-01
2.979603918099241e-03	6.472269e-01	-6.326088e-01	6.146664e-03	4.598560e-01
2.979874712930652e-03	6.390257e-01	-6.242542e-01	6.174432e-03	4.593600e-01
2.980235772705866e-03	6.280316e-01	-6.131122e-01	6.198262e-03	4.585908e-01
2.985290609558868e-03	4.736847e-01	-4.568231e-01	6.299483e-03	4.444146e-01
2.991067565962300e-03	2.967593e-01	-2.776508e-01	6.460058e-03	4.223571e-01
2.992511805063158e-03	2.523939e-01	-2.327909e-01	6.547807e-03	4.146022e-01
2.995400283264873e-03	1.633218e-01	-1.430139e-01	6.893309e-03	3.928584e-01
2.996977066446927e-03	1.143390e-01	-9.398140e-02	7.320760e-03	3.741772e-01
2.999019902631658e-03	4.992628e-02	-3.043235e-02	8.686944e-03	3.341851e-01
3.000085534568870e-03	1.517983e-02	2.740853e-03	1.046966e-02	2.978615e-01
3.000896978750976e-03	-1.280094e-02	2.802183e-02	1.303176e-02	2.501438e-01
3.001653245592785e-03	-4.056046e-02	5.160064e-02	1.632214e-02	1.795969e-01
3.002503593663164e-03	-7.337002e-02	7.811933e-02	2.035246e-02	6.357072e-02
3.003404830515038e-03	-1.075824e-01	1.062219e-01	2.179972e-02	-1.009698e-01
3.004257247147202e-03	-1.309437e-01	1.327560e-01	5.523165e-03	-2.849426e-01
3.004803604402999e-03	-1.243194e-01	1.495898e-01	-3.009463e-02	-3.980961e-01
3.005512121915422e-03	-7.772116e-02	1.713919e-01	-9.416527e-02	-5.107862e-01
3.006165949614083e-03	-1.467854e-02	1.916450e-01	-1.415022e-01	-5.787565e-01
3.007047384091993e-03	6.966756e-02	2.190296e-01	-1.854010e-01	-6.369429e-01
3.008074603079283e-03	1.471297e-01	2.509664e-01	-2.246282e-01	-6.864392e-01
3.009593551080737e-03	2.304570e-01	2.981569e-01	-2.751376e-01	-7.471385e-01
3.011548568393506e-03	3.130039e-01	3.588366e-01	-3.372376e-01	-8.188426e-01
3.014603805574985e-03	4.254228e-01	4.535382e-01	-4.328277e-01	-9.257063e-01
3.019462329754478e-03	5.973046e-01	6.037775e-01	-5.836936e-01	-1.089749e+00
3.029179378113466e-03	9.355204e-01	9.024274e-01	-8.819221e-01	-1.405915e+00
3.048613474831441e-03	1.595102e+00	1.488542e+00	-1.463620e+00	-2.010658e+00
3.075642677100479e-03	2.453880e+00	2.265030e+00	-2.219933e+00	-2.786500e+00
3.122948923138229e-03	3.759259e+00	3.454783e+00	-3.365936e+00	-3.952363e+00
3.172356643488296e-03	4.848865e+00	4.372569e+00	-4.317607e+00	-4.916522e+00
3.197249793186117e-03	5.243192e+00	4.680622e+00	-4.659174e+00	-5.261813e+00
3.215522859434774e-03	5.433640e+00	4.834339e+00	-4.821888e+00	-5.426125e+00
3.231789559494083e-03	5.537641e+00	4.917668e+00	-4.908576e+00	-5.513631e+00
3.248009960781675e-03	5.582032e+00	4.949651e+00	-4.942443e+00	-5.547820e+00
3.264260934987385e-03	5.561529e+00	4.930184e+00	-4.918849e+00	-5.524008e+00
3.288208733356178e-03	5.407545e+00	4.808084e+00	-4.774662e+00	-5.378432e+00
3.326985432891182e-03	4.880586e+00	4.382157e+00	-4.296301e+00	-4.894830e+00
3.388491881937855e-03	3.543894e+00	3.191300e+00	-3.097327e+00	-3.678641e+00
3.446421305018663e-03	1.918000e+00	1.635141e+00	-1.647177e+00	-2.201549e+00
3.453128419328668e-03	1.702908e+00	1.436852e+00	-1.455932e+00	-2.005024e+00
3.466542647948679e-03	1.246365e+00	1.032977e+00	-1.050435e+00	-1.578761e+00
3.493371105188700e-03	3.325809e-01	2.061434e-01	-2.352844e-01	-6.338617e-01
3.501296698076704e-03	7.800677e-02	-4.036405e-02	-4.031402e-03	-2.740164e-01
3.501332426325879e-03	7.706391e-02	-4.148080e-02	-3.720436e-03	-2.717458e-01
3.501403882824229e-03	7.566154e-02	-4.371621e-02	-4.565926e-03	-2.662457e-01
3.501546795820929e-03	7.395483e-02	-4.818913e-02	-6.413189e-03	-2.539255e-01
3.501832621814330e-03	7.409341e-02	-5.712874e-02	-9.896928e-03	-2.240295e-01
3.502380058667227e-03	8.305454e-02	-7.423462e-02	-1.544879e-02	-1.479054e-01
3.503474932373022e-03	1.148701e-01	-1.084023e-01	-2.375514e-02	4.734050e-02
3.504066346558563e-03	1.355870e-01	-1.268267e-01	-2.527777e-02	1.714056e-01
3.504473397093294e-03	1.490720e-01	-1.394320e-01	-2.190385e-02	2.573008e-01
3.504866207154695e-03	1.584624e-01	-1.515106e-01	-1.506916e-02	3.215197e-01
3.505332263238515e-03	1.657079e-01	-1.658792e-01	-8.102913e-03	3.675650e-01
3.505782539827933e-03	1.719489e-01	-1.798350e-01	-5.387536e-03	3.892609e-01
3.506388132938153e-03	1.827300e-01	-1.986458e-01	-5.140161e-03	4.018928e-01
3.507061384181067e-03	1.985171e-01	-2.195691e-01	-5.652653e-03	4.090681e-01
3.508137751937153e-03	2.284123e-01	-2.530104e-01	-6.179592e-03	4.163569e-01
3.509791767539561e-03	2.777449e-01	-3.043717e-01	-6.367291e-03	4.249606e-01
3.512704760646902e-03	3.664587e-01	-3.947424e-01	-6.329330e-03	4.365686e-01
3.518190818221738e-03	5.336571e-01	-5.645568e-01	-6.222871e-03	4.525506e-01
3.526716791496283e-03	7.919418e-01	-8.270644e-01	-6.111006e-03	4.697945e-01
3.540466061108641e-03	1.202553e+00	-1.245074e+00	-5.949562e-03	4.884836e-01
3.558643068882207e-03	1.727063e+00	-1.782939e+00	-5.700339e-03	5.048262e-01
3.588723380549571e-03	2.530943e+00	-2.618767e+00	-5.149979e-03	5.221429e-01
3.630170969534589e-03	3.479023e+00	-3.612071e+00	-4.130815e-03	5.371040e-01
3.677085474848116e-03	4.323264e+00	-4.439591e+00	-2.694207e-03	5.475448e-01
3.700674861742228e-03	4.625089e+00	-4.714215e+00	-1.874516e-03	5.507499e-01
3.718079451123343e-03	4.767283e+00	-4.850817e+00	-1.234522e-03	5.521165e-01
3.734893702948434e-03	4.844445e+00	-4.927760e+00	-6.008483e-04	5.528228e-01
3.753522736403348e-03	4.867573e+00	-4.948827e+00	1.091947e-04	5.530193e-01
3.770735328074769e-03	4.822439e+00	-4.908086e+00	7.625307e-04	5.525710e-01
3.798726270124804e-03	4.606528e+00	-4.719854e+00	1.794502e-03	5.503728e-01
3.843865250756641e-03	3.949919e+00	-4.113807e+00	3.293778e-03	5.423834e-01
3.914481947506081e-03	2.500438e+00	-2.533618e+00	5.218899e-03	5.219251e-01
3.923796646434282e-03	2.267202e+00	-2.280542e+00	5.410809e-03	5.175741e-01
3.942426044290685e-03	1.739672e+00	-1.751852e+00	5.703914e-03	5.022841e-01
3.979684840003489e-03	6.447651e-01	-6.301125e-01	6.147582e-03	4.596771e-01
3.979954802744239e-03	6.365885e-01	-6.217830e-01	6.175453e-03	4.591810e-01
3.980314753065238e-03	6.256272e-01	-6.106746e-01	6.199391e-03	4.584115e-01
3.985354057559227e-03	4.717455e-01	-4.548581e-01	6.300884e-03	4.442193e-01
3.991113262695215e-03	2.953564e-01	-2.762317e-01	6.462206e-03	4.221280e-01
3.992553063979212e-03	2.511252e-01	-2.315090e-01	6.550553e-03	4.143565e-01
3.995432666547206e-03	1.623205e-01	-1.420071e-01	6.898917e-03	3.925525e-01
3.997003974972720e-03	1.135016e-01	-9.314450e-02	7.329685e-03	3.738326e-01
3.999029112324371e-03	4.963232e-02	-3.014573e-02	8.696411e-03	3.339791e-01
4.000090176378972e-03	1.502517e-02	2.885414e-03	1.047973e-02	2.976801e-01
4.000899102950125e-03	-1.287606e-02	2.808804e-02	1.303928e-02	2.500063e-01
4.001655516575619e-03	-4.064661e-02	5.167146e-02	1.633285e-02	1.793417e-01
4.002506642346974e-03	-7.348972e-02	7.821441e-02	2.036645e-02	6.308898e-02
4.003407526813092e-03	-1.076887e-01	1.063059e-01	2.180454e-02	-1.014941e-01
4.004257415506860e-03	-1.309688e-01	1.327612e-01	5.541250e-03	-2.849816e-01
4.004803275809324e-03	-1.243495e-01	1.495797e-01	-3.006466e-02	-3.980551e-01
4.005511194344238e-03	-7.780568e-02	1.713633e-01	-9.409209e-02	-5.106792e-01
4.006165023195272e-03	-1.476778e-02	1.916163e-01	-1.414458e-01	-5.786798e-01
4.007046185250326e-03	6.956623e-02	2.189923e-01	-1.853503e-01	-6.368775e-01
4.008073138438135e-03	1.470353e-01	2.509209e-01	-2.245769e-01	-6.863759e-01
4.009591392016872e-03	2.303559e-01	2.980899e-01	-2.750681e-01	-7.470567e-01
4.011545688393266e-03	3.128923e-01	3.587472e-01	-3.371470e-01	-8.187397e-01
4.014599165281834e-03	4.252566e-01	4.533945e-01	-4.326831e-01	-9.255467e-01
4.019454543802357e-03	5.970311e-01	6.035372e-01	-5.834526e-01	-1.089490e+00
4.029165300843402e-03	9.350345e-01	9.019969e-01	-8.814935e-01	-1.405465e+00
4.048586814925492e-03	1.594216e+00	1.487751e+00	-1.462839e+00	-2.009852e+00
4.075607200416557e-03	2.452811e+00	2.264049e+00	-2.218992e+00	-2.785539e+00
4.122883267625227e-03	3.757557e+00	3.453320e+00	-3.364444e+00	-3.950849e+00
4.172347964372059e-03	4.848652e+00	4.372442e+00	-4.317421e+00	-4.916333e+00
4.197243528796432e-03	5.243113e+00	4.680558e+00	-4.659106e+00	-5.261744e+00
4.215518191757385e-03	5.433602e+00	4.834308e+00	-4.821856e+00	-5.426092e+00
4.231783758768291e-03	5.537620e+00	4.917647e+00	-4.908560e+00	-5.513615e+00
4.247999656253981e-03	5.582020e+00	4.949647e+00	-4.942436e+00	-5.547813e+00
4.264257104476133e-03	5.561532e+00	4.930195e+00	-4.918853e+00	-5.524013e+00
4.288202505715213e-03	5.407603e+00	4.808129e+00	-4.774716e+00	-5.378487e+00
4.326975404504289e-03	4.880762e+00	4.382302e+00	-4.296460e+00	-4.894991e+00
4.388476275310629e-03	3.544294e+00	3.191671e+00	-3.097685e+00	-3.679004e+00
4.446412483882339e-03	1.918288e+00	1.635400e+00	-1.647433e+00	-2.201812e+00
4.453120503181770e-03	1.703173e+00	1.437088e+00	-1.456167e+00	-2.005266e+00
4.466536541780633e-03	1.246572e+00	1.033163e+00	-1.050619e+00	-1.578954e+00
4.493368618978360e-03	3.326506e-01	2.062206e-01	-2.353506e-01	-6.340084e-01
4.501295616624109e-03	7.800263e-02	-4.033034e-02	-4.038351e-03	-2.742082e-01
4.501331359627597e-03	7.705905e-02	-4.144754e-02	-3.726685e-03	-2.719379e-01
4.501402845634572e-03	7.565515e-02	-4.368387e-02	-4.570545e-03	-2.664386e-01
4.501545817648522e-03	7.394571e-02	-4.815862e-02	-6.415018e-03	-2.541198e-01
4.501831761676422e-03	7.408147e-02	-5.710190e-02	-9.895207e-03	-2.242219e-01
4.502379933897112e-03	8.305410e-02	-7.423074e-02	-1.544978e-02	-1.479983e-01
4.503476278338492e-03	1.149163e-01	-1.084443e-01	-2.376267e-02	4.753201e-02
4.504067412934809e-03	1.356242e-01	-1.268599e-01	-2.527796e-02	1.715516e-01
4.504474379364657e-03	1.491028e-01	-1.394624e-01	-2.189620e-02	2.574184e-01
4.504867275042858e-03	1.584892e-01	-1.515436e-01	-1.505626e-02	3.216179e-01
4.505333220768783e-03	1.657281e-01	-1.659089e-01	-8.094782e-03	3.676182e-01
4.505782832065462e-03	1.719592e-01	-1.798441e-01	-5.386669e-03	3.892656e-01
4.506388836966606e-03	1.827487e-01	-1.986676e-01	-5.140510e-03	4.018992e-01
4.507061917205592e-03	1.985327e-01	-2.195857e-01	-5.652628e-03	4.090721e-01
4.508139188612161e-03	2.284547e-01	-2.530550e-01	-6.179832e-03	4.163654e-01
4.509792489691941e-03	2.777666e-01	-3.043941e-01	-6.367332e-03	4.249642e-01
4.512707551255477e-03	3.665439e-01	-3.948289e-01	-6.329253e-03	4.365783e-01
4.518193160298797e-03	5.337283e-01	-5.646292e-01	-6.222834e-03	4.525564e-01
4.526723665708658e-03	7.921492e-01	-8.272752e-01	-6.110926e-03	4.698059e-01
4.540472326158619e-03	1.202738e+00	-1.245263e+00	-5.949485e-03	4.884907e-01
4.558655616410018e-03	1.727417e+00	-1.783303e+00	-5.700146e-03	5.048354e-01
4.588738694337430e-03	2.531325e+00	-2.619171e+00	-5.149652e-03	5.221499e-01
4.630198140775419e-03	3.479600e+00	-3.612649e+00	-4.130071e-03	5.371119e-01
4.677091899819459e-03	4.323374e+00	-4.439680e+00	-2.693999e-03	5.475461e-01
4.700679531223310e-03	4.625136e+00	-4.714260e+00	-1.874348e-03	5.507504e-01
4.718082942640904e-03	4.767305e+00	-4.850839e+00	-1.234392e-03	5.521167e-01
4.734897907861078e-03	4.844455e+00	-4.927773e+00	-6.006878e-04	5.528229e-01
4.753530201809609e-03	4.867562e+00	-4.948822e+00	1.094794e-04	5.530192e-01
4.770747482983376e-03	4.822381e+00	-4.908037e+00	7.629900e-04	5.525705e-01
4.798745997431565e-03	4.606320e+00	-4.719669e+00	1.795207e-03	5.503706e-01
4.843896796507817e-03	3.949343e+00	-4.113261e+00	3.294731e-03	5.423753e-01
4.914529964631759e-03	2.499177e+00	-2.532335e+00	5.219896e-03	5.219012e-01
4.923845583647165e-03	2.265874e+00	-2.279191e+00	5.411737e-03	5.175466e-01
4.942476821677978e-03	1.738225e+00	-1.750375e+00	5.704688e-03	5.022359e-01
4.979739297739602e-03	6.431084e-01	-6.284325e-01	6.148200e-03	4.595562e-01
4.980008701695387e-03	6.349481e-01	-6.201199e-01	6.176141e-03	4.590602e-01
4.980367906969766e-03	6.240090e-01	-6.090340e-01	6.200153e-03	4.582904e-01
4.985396780811080e-03	4.704397e-01	-4.535349e-01	6.301833e-03	4.440873e-01
4.991144065201153e-03	2.944106e-01	-2.752751e-01	6.463666e-03	4.219729e-01
4.992580886298672e-03	2.502695e-01	-2.306446e-01	6.552421e-03	4.141900e-01
4.995454528493708e-03	1.616444e-01	-1.413274e-01	6.902745e-03	3.923448e-01
4.997022166096066e-03	1.129353e-01	-9.257872e-02	7.335784e-03	3.735983e-01
4.999035358891560e-03	4.943290e-02	-2.995133e-02	8.702874e-03	3.338388e-01
5.000093346222718e-03	1.491951e-02	2.984134e-03	1.048664e-02	2.975555e-01
5.000900581496086e-03	-1.292838e-02	2.813412e-02	1.304454e-02	2.499100e-01
5.001657097552593e-03	-4.070659e-02	5.172076e-02	1.634031e-02	1.791638e-01
5.002508763487701e-03	-7.357301e-02	7.828055e-02	2.037618e-02	6.275346e-02
5.003409395957654e-03	-1.077624e-01	1.063642e-01	2.180781e-02	-1.018579e-01
5.004257538019208e-03	-1.309862e-01	1.327650e-01	5.553405e-03	-2.850100e-01
5.004803055970242e-03	-1.243701e-01	1.495729e-01	-3.004460e-02	-3.980282e-01
5.005510557411921e-03	-7.786369e-02	1.713436e-01	-9.404182e-02	-5.106058e-01
5.006164393018564e-03	-1.482837e-02	1.915967e-01	-1.414075e-01	-5.786276e-01
5.007045362069707e-03	6.949665e-02	2.189667e-01	-1.853155e-01	-6.368326e-01
5.008072140764349e-03	1.469709e-01	2.508899e-01	-2.245419e-01	-6.863328e-01
5.009589909546459e-03	2.302864e-01	2.980438e-01	-2.750203e-01	-7.470006e-01
5.011543727683383e-03	3.128162e-01	3.586864e-01	-3.370853e-01	-8.186696e-01
5.014595978077037e-03	4.251425e-01	4.532958e-01	-4.325837e-01	-9.254371e-01
5.019449246048198e-03	5.968449e-01	6.033736e-01	-5.832887e-01	-1.089314e+00
5.029155781990519e-03	9.347058e-01	9.017059e-01	-8.812037e-01	-1.405160e+00
5.048568853875161e-03	1.593619e+00	1.487219e+00	-1.462312e+00	-2.009309e+00
5.075583207153153e-03	2.452088e+00	2.263385e+00	-2.218356e+00	-2.784889e+00
5.122838938952809e-03	3.756408e+00	3.452332e+00	-3.363437e+00	-3.949826e+00
5.172342123526300e-03	4.848508e+00	4.372357e+00	-4.317296e+00	-4.916206e+00
5.197239313051932e-03	5.243060e+00	4.680515e+00	-4.659060e+00	-5.261699e+00
5.215515050569246e-03	5.433577e+00	4.834287e+00	-4.821835e+00	-5.426071e+00
5.231779855070481e-03	5.537605e+00	4.917634e+00	-4.908548e+00	-5.513603e+00
5.247992721640413e-03	5.582012e+00	4.949644e+00	-4.942432e+00	-5.547809e+00
5.264254526663095e-03	5.561535e+00	4.930202e+00	-4.918856e+00	-5.524015e+00
5.288198314706703e-03	5.407643e+00	4.808160e+00	-4.774752e+00	-5.378523e+00
5.326968655691592e-03	4.880880e+00	4.382400e+00	-4.296567e+00	-4.895099e+00
5.388465772400503e-03	3.544564e+00	3.191920e+00	-3.097926e+00	-3.679249e+00
5.446406544196232e-03	1.918482e+00	1.635575e+00	-1.647605e+00	-2.201989e+00
5.453115173183337e-03	1.703351e+00	1.437247e+00	-1.456325e+00	-2.005430e+00
5.466532431157547e-03	1.246712e+00	1.033288e+00	-1.050743e+00	-1.579085e+00
5.493366947105967e-03	3.326975e-01	2.062726e-01	-2.353951e-01	-6.341070e-01
5.501294890872453e-03	7.799987e-02	-4.030772e-02	-4.043035e-03	-2.743368e-01
5.501330643753473e-03	7.705580e-02	-4.142522e-02	-3.730900e-03	-2.720666e-01
5.501402149515513e-03	7.565090e-02	-4.366216e-02	-4.573662e-03	-2.665679e-01
5.501545161039592e-03	7.393962e-02	-4.813814e-02	-6.416257e-03	-2.542500e-01
5.501831184087751e-03	7.407349e-02	-5.708387e-02	-9.894055e-03	-2.243508e-01
5.502379850186851e-03	8.305383e-02	-7.422814e-02	-1.545045e-02	-1.480605e-01
5.503477182385050e-03	1.149473e-01	-1.084725e-01	-2.376772e-02	4.766088e-02
5.504068129374612e-03	1.356491e-01	-1.268822e-01	-2.527807e-02	1.716499e-01
5.504475039605874e-03	1.491235e-01	-1.394829e-01	-2.189104e-02	2.574976e-01
5.504867993454544e-03	1.585071e-01	-1.515657e-01	-1.504756e-02	3.216840e-01
5.505333865497915e-03	1.657416e-01	-1.659289e-01	-8.089298e-03	3.676541e-01
5.505783027655100e-03	1.719661e-01	-1.798502e-01	-5.386084e-03	3.892688e-01
5.506389311968098e-03	1.827613e-01	-1.986824e-01	-5.140748e-03	4.019035e-01
5.507062276466345e-03	1.985433e-01	-2.195969e-01	-5.652613e-03	4.090748e-01
5.508140159739708e-03	2.284834e-01	-2.530852e-01	-6.179995e-03	4.163711e-01
5.509792977923777e-03	2.777813e-01	-3.044093e-01	-6.367359e-03	4.249665e-01
5.512709447484639e-03	3.666019e-01	-3.948877e-01	-6.329200e-03	4.365850e-01
5.518194746056825e-03	5.337765e-01	-5.646782e-01	-6.222809e-03	4.525604e-01
5.526728340389063e-03	7.922902e-01	-8.274185e-01	-6.110870e-03	4.698136e-01
5.540476569012468e-03	1.202863e+00	-1.245390e+00	-5.949432e-03	4.884955e-01
5.558664145264255e-03	1.727658e+00	-1.783551e+00	-5.700016e-03	5.048416e-01
5.588749068021863e-03	2.531584e+00	-2.619445e+00	-5.149430e-03	5.221546e-01
5.630216607306501e-03	3.479993e+00	-3.613042e+00	-4.129566e-03	5.371173e-01
5.677096317399053e-03	4.323449e+00	-4.439741e+00	-2.693855e-03	5.475470e-01
5.700682741815463e-03	4.625168e+00	-4.714290e+00	-1.874233e-03	5.507507e-01
5.718085343310795e-03	4.767320e+00	-4.850853e+00	-1.234302e-03	5.521168e-01
5.734900799057184e-03	4.844462e+00	-4.927781e+00	-6.005774e-04	5.528229e-01
5.753535334838202e-03	4.867554e+00	-4.948818e+00	1.096751e-04	5.530191e-01
5.770755840394898e-03	4.822340e+00	-4.908003e+00	7.633058e-04	5.525700e-01
5.798759561390913e-03	4.606178e+00	-4.719542e+00	1.795692e-03	5.503691e-01
5.843918486239225e-03	3.948948e+00	-4.112886e+00	3.295386e-03	5.423697e-01
5.914562978223809e-03	2.498309e+00	-2.531452e+00	5.220583e-03	5.218847e-01
5.923879226779280e-03	2.264961e+00	-2.278262e+00	5.412376e-03	5.175277e-01
5.942511723890221e-03	1.737230e+00	-1.749359e+00	5.705221e-03	5.022027e-01
5.979776718112104e-03	6.419699e-01	-6.272781e-01	6.148626e-03	4.594730e-01
5.980045738540654e-03	6.338209e-01	-6.189770e-01	6.176615e-03	4.589770e-01
5.980404432445388e-03	6.228969e-01	-6.079066e-01	6.200678e-03	4.582070e-01
5.985426147111656e-03	4.695421e-01	-4.526254e-01	6.302488e-03	4.439963e-01
5.991165249587393e-03	2.937602e-01	-2.746173e-01	6.464674e-03	4.218659e-01
5.992600025206327e-03	2.496810e-01	-2.300500e-01	6.553714e-03	4.140751e-01
5.995469576444195e-03	1.611791e-01	-1.408595e-01	6.905398e-03	3.922013e-01
5.997034698065821e-03	1.125452e-01	-9.218896e-02	7.340018e-03	3.734362e-01
5.999039673904850e-03	4.929512e-02	-2.981704e-02	8.707359e-03	3.337415e-01
6.000095546753331e-03	1.484614e-02	3.052665e-03	1.049147e-02	2.974687e-01
6.000901621992393e-03	-1.296521e-02	2.816655e-02	1.304825e-02	2.498419e-01
6.001658210264329e-03	-4.074881e-02	5.175546e-02	1.634556e-02	1.790384e-01
6.002510255700659e-03	-7.363159e-02	7.832709e-02	2.038302e-02	6.251724e-02
6.003410707485619e-03	-1.078141e-01	1.064051e-01	2.181008e-02	-1.021134e-01
6.004257626756458e-03	-1.309984e-01	1.327677e-01	5.561749e-03	-2.850306e-01
6.004802905519158e-03	-1.243843e-01	1.495683e-01	-3.003087e-02	-3.980101e-01
6.005510113382856e-03	-7.790411e-02	1.713299e-01	-9.400678e-02	-5.105546e-01
6.006163956622485e-03	-1.487027e-02	1.915832e-01	-1.413809e-01	-5.785915e-01
6.007044788236246e-03	6.944816e-02	2.189489e-01	-1.852913e-01	-6.368013e-01
6.008071449199837e-03	1.469263e-01	2.508684e-01	-2.245177e-01	-6.863030e-01
6.009588876164699e-03	2.302379e-01	2.980117e-01	-2.749870e-01	-7.469615e-01
6.011542369085002e-03	3.127635e-01	3.586443e-01	-3.370425e-01	-8.186210e-01
6.014593755926078e-03	4.250629e-01	4.532270e-01	-4.325144e-01	-9.253607e-01
6.019445576590707e-03	5.967160e-01	6.032604e-01	-5.831751e-01	-1.089191e+00
6.029149217919966e-03	9.344792e-01	9.015051e-01	-8.810037e-01	-1.404950e+00
6.048556500578484e-03	1.593208e+00	1.486852e+00	-1.461950e+00	-2.008935e+00
6.075566659431341e-03	2.451589e+00	2.262928e+00	-2.217917e+00	-2.784441e+00
6.122808403180044e-03	3.755615e+00	3.451652e+00	-3.362743e+00	-3.949121e+00
6.172338109682884e-03	4.848410e+00	4.372298e+00	-4.317210e+00	-4.916119e+00
6.197236416003409e-03	5.243024e+00	4.680486e+00	-4.659029e+00	-5.261667e+00
6.215512891961121e-03	5.433559e+00	4.834272e+00	-4.821820e+00	-5.426055e+00
6.231777172466589e-03	5.537595e+00	4.917624e+00	-4.908540e+00	-5.513595e+00
6.247987956202225e-03	5.582007e+00	4.949642e+00	-4.942428e+00	-5.547805e+00
6.264252755199090e-03	5.561536e+00	4.930207e+00	-4.918858e+00	-5.524017e+00
6.288195434659116e-03	5.407670e+00	4.808182e+00	-4.774777e+00	-5.378548e+00
6.326964017919627e-03	4.880962e+00	4.382467e+00	-4.296640e+00	-4.895174e+00
6.388458554771059e-03	3.544749e+00	3.192092e+00	-3.098092e+00	-3.679417e+00
6.446402460819637e-03	1.918615e+00	1.635695e+00	-1.647724e+00	-2.202111e+00
6.453111509108034e-03	1.703474e+00	1.437356e+00	-1.456434e+00	-2.005542e+00
6.466529605684826e-03	1.246808e+00	1.033374e+00	-1.050829e+00	-1.579174e+00
6.493365798838411e-03	3.327298e-01	2.063083e-01	-2.354257e-01	-6.341746e-01
6.501294393152906e-03	7.799801e-02	-4.029220e-02	-4.046256e-03	-2.744249e-01
6.501330152796531e-03	7.705361e-02	-4.140992e-02	-3.733799e-03	-2.721547e-01
6.501401672083781e-03	7.564799e-02	-4.364728e-02	-4.575808e-03	-2.666565e-01
6.501544710658282e-03	7.393546e-02	-4.812409e-02	-6.417111e-03	-2.543392e-01
6.501830787807284e-03	7.406803e-02	-5.707151e-02	-9.893266e-03	-2.244392e-01
6.502379792776602e-03	8.305365e-02	-7.422635e-02	-1.545090e-02	-1.481031e-01
6.503477802715238e-03	1.149686e-01	-1.084919e-01	-2.377119e-02	4.774940e-02
6.504068621062892e-03	1.356663e-01	-1.268975e-01	-2.527814e-02	1.717175e-01
6.504475492869217e-03	1.491378e-01	-1.394969e-01	-2.188748e-02	2.575520e-01
6.504868486941948e-03	1.585194e-01	-1.515810e-01	-1.504157e-02	3.217295e-01
6.505334308633536e-03	1.657509e-01	-1.659426e-01	-8.085526e-03	3.676787e-01
6.505783161532693e-03	1.719709e-01	-1.798544e-01	-5.385681e-03	3.892709e-01
6.506389638895009e-03	1.827700e-01	-1.986925e-01	-5.140912e-03	4.019065e-01
6.507062523556414e-03	1.985505e-01	-2.196046e-01	-5.652602e-03	4.090767e-01
6.508140828975145e-03	2.285031e-01	-2.531060e-01	-6.180109e-03	4.163751e-01
6.509793314403342e-03	2.777914e-01	-3.044197e-01	-6.367379e-03	4.249682e-01
6.512710758839892e-03	3.666419e-01	-3.949283e-01	-6.329164e-03	4.365896e-01
6.518195840023390e-03	5.338097e-01	-5.647120e-01	-6.222792e-03	4.525631e-01
6.526731574864439e-03	7.923878e-01	-8.275177e-01	-6.110833e-03	4.698190e-01
6.540479496543571e-03	1.202949e+00	-1.245478e+00	-5.949396e-03	4.884988e-01
6.558670044702748e-03	1.727824e+00	-1.783722e+00	-5.699925e-03	5.048459e-01
6.588756227080230e-03	2.531762e+00	-2.619633e+00	-5.149277e-03	5.221579e-01
6.630229379551503e-03	3.480264e+00	-3.613313e+00	-4.129216e-03	5.371211e-01
6.677099396393652e-03	4.323502e+00	-4.439783e+00	-2.693754e-03	5.475476e-01
6.700684979567634e-03	4.625191e+00	-4.714311e+00	-1.874153e-03	5.507509e-01
6.718087016559376e-03	4.767331e+00	-4.850864e+00	-1.234240e-03	5.521169e-01
6.734902814206356e-03	4.844466e+00	-4.927787e+00	-6.005006e-04	5.528230e-01
6.753538912531455e-03	4.867549e+00	-4.948816e+00	1.098115e-04	5.530190e-01
6.770761665464303e-03	4.822312e+00	-4.907980e+00	7.635259e-04	5.525697e-01
6.798769015374023e-03	4.606078e+00	-4.719453e+00	1.796030e-03	5.503681e-01
6.843933603698076e-03	3.948672e+00	-4.112624e+00	3.295843e-03	5.423658e-01
6.914585987654126e-03	2.497704e+00	-2.530837e+00	5.221061e-03	5.218733e-01
6.923902673517599e-03	2.264325e+00	-2.277615e+00	5.412821e-03	5.175145e-01
6.942536045244545e-03	1.736537e+00	-1.748652e+00	5.705592e-03	5.021796e-01
6.979802788698438e-03	6.411767e-01	-6.264737e-01	6.148922e-03	4.594150e-01
6.980071542135024e-03	6.330355e-01	-6.181808e-01	6.176945e-03	4.589189e-01
6.980429880050474e-03	6.221220e-01	-6.071211e-01	6.201044e-03	4.581487e-01
6.985446610866770e-03	4.689166e-01	-4.519916e-01	6.302945e-03	4.439328e-01
6.991180017513965e-03	2.933068e-01	-2.741587e-01	6.465380e-03	4.217912e-01
6.992613369175764e-03	2.492706e-01	-2.296354e-01	6.554619e-03	4.139948e-01
6.995480072499361e-03	1.608545e-01	-1.405331e-01	6.907259e-03	3.921010e-01
6.997043444340844e-03	1.122729e-01	-9.191693e-02	7.342989e-03	3.733227e-01
6.999042691315267e-03	4.919877e-02	-2.972313e-02	8.710505e-03	3.336733e-01
7.000097090889696e-03	1.479465e-02	3.100755e-03	1.049486e-02	2.974076e-01
7.000902359018576e-03	-1.299130e-02	2.818953e-02	1.305088e-02	2.497935e-01
7.001658998510677e-03	-4.077872e-02	5.178004e-02	1.634927e-02	1.789494e-01
7.002511312460899e-03	-7.367308e-02	7.836004e-02	2.038786e-02	6.234986e-02
7.003411634630100e-03	-1.078507e-01	1.064340e-01	2.181166e-02	-1.022940e-01
7.004257690886134e-03	-1.310070e-01	1.327697e-01	5.567555e-03	-2.850454e-01
7.004802801082322e-03	-1.243943e-01	1.495651e-01	-3.002133e-02	-3.979977e-01
7.005509800958600e-03	-7.793255e-02	1.713203e-01	-9.398212e-02	-5.105186e-01
7.006163651050224e-03	-1.489958e-02	1.915737e-01	-1.413623e-01	-5.785661e-01
7.007044384497480e-03	6.941404e-02	2.189363e-01	-1.852742e-01	-6.367793e-01
7.008070964602353e-03	1.468951e-01	2.508533e-01	-2.245007e-01	-6.862820e-01
7.009588149116641e-03	2.302039e-01	2.979892e-01	-2.749636e-01	-7.469339e-01
7.011541417345377e-03	3.127266e-01	3.586147e-01	-3.370126e-01	-8.185869e-01
7.014592192264602e-03	4.250070e-01	4.531786e-01	-4.324657e-01	-9.253069e-01
7.019443006721250e-03	5.966257e-01	6.031811e-01	-5.830956e-01	-1.089106e+00
7.029144635634544e-03	9.343210e-01	9.013650e-01	-8.808642e-01	-1.404804e+00
7.048547893461135e-03	1.592922e+00	1.486597e+00	-1.461698e+00	-2.008675e+00
7.075555106589131e-03	2.451241e+00	2.262608e+00	-2.217611e+00	-2.784128e+00
7.122787103211718e-03	3.755063e+00	3.451177e+00	-3.362258e+00	-3.948630e+00
7.172335314772259e-03	4.848341e+00	4.372258e+00	-4.317149e+00	-4.916058e+00
7.197234398747226e-03	5.242999e+00	4.680466e+00	-4.659008e+00	-5.261645e+00
7.215511388895405e-03	5.433547e+00	4.834262e+00	-4.821810e+00	-5.426045e+00
7.231775304534610e-03	5.537589e+00	4.917617e+00	-4.908535e+00	-5.513589e+00
7.247984637964495e-03	5.582003e+00	4.949641e+00	-4.942426e+00	-5.547803e+00
7.264251521704570e-03	5.561538e+00	4.930210e+00	-4.918859e+00	-5.524019e+00
7.288193429242090e-03	5.407688e+00	4.808197e+00	-4.774794e+00	-5.378565e+00
7.326960788570175e-03	4.881019e+00	4.382514e+00	-4.296692e+00	-4.895226e+00
7.388453529005239e-03	3.544878e+00	3.192211e+00	-3.098207e+00	-3.679535e+00
7.446399616663720e-03	1.918708e+00	1.635778e+00	-1.647806e+00	-2.202196e+00
7.453108957086602e-03	1.703559e+00	1.437432e+00	-1.456509e+00	-2.005620e+00
7.466527637932364e-03	1.246875e+00	1.033434e+00	-1.050888e+00	-1.579236e+00
7.493364999623888e-03	3.327523e-01	2.063331e-01	-2.354470e-01	-6.342216e-01
7.501294047119747e-03	7.799672e-02	-4.028141e-02	-4.048500e-03	-2.744861e-01
7.501329811459329e-03	7.705209e-02	-4.139927e-02	-3.735820e-03	-2.722161e-01
7.501401340138492e-03	7.564599e-02	-4.363693e-02	-4.577303e-03	-2.667180e-01
7.501544397496817e-03	7.393258e-02	-4.811433e-02	-6.417708e-03	-2.544013e-01
7.501830512213469e-03	7.406424e-02	-5.706291e-02	-9.892719e-03	-2.245006e-01
7.502379752853645e-03	8.305353e-02	-7.422511e-02	-1.545121e-02	-1.481327e-01
7.503478234133997e-03	1.149834e-01	-1.085053e-01	-2.377360e-02	4.781101e-02
7.504068963058909e-03	1.356782e-01	-1.269082e-01	-2.527818e-02	1.717645e-01
7.504475808208160e-03	1.491476e-01	-1.395066e-01	-2.188500e-02	2.575899e-01
7.504868830403568e-03	1.585280e-01	-1.515916e-01	-1.503740e-02	3.217611e-01
7.505334617177177e-03	1.657574e-01	-1.659522e-01	-8.082897e-03	3.676959e-01
7.505783254480640e-03	1.719742e-01	-1.798573e-01	-5.385400e-03	3.892724e-01
7.506389866741403e-03	1.827760e-01	-1.986996e-01	-5.141027e-03	4.019085e-01
7.507062695675034e-03	1.985556e-01	-2.196099e-01	-5.652595e-03	4.090780e-01
7.508141295789695e-03	2.285169e-01	-2.531205e-01	-6.180187e-03	4.163779e-01
7.509793549114265e-03	2.777985e-01	-3.044270e-01	-6.367392e-03	4.249693e-01
7.512711675759255e-03	3.666699e-01	-3.949567e-01	-6.329138e-03	4.365928e-01
7.518196603644911e-03	5.338330e-01	-5.647356e-01	-6.222780e-03	4.525650e-01
7.526733837239966e-03	7.924561e-01	-8.275871e-01	-6.110806e-03	4.698227e-01
7.540481540320611e-03	1.203009e+00	-1.245540e+00	-5.949371e-03	4.885012e-01
7.558674170246253e-03	1.727940e+00	-1.783841e+00	-5.699862e-03	5.048489e-01
7.588761225615155e-03	2.531887e+00	-2.619765e+00	-5.149171e-03	5.221602e-01
7.630238310788762e-03	3.480453e+00	-3.613503e+00	-4.128972e-03	5.371236e-01
7.677101560724119e-03	4.323538e+00	-4.439813e+00	-2.693684e-03	5.475481e-01
7.700686552565898e-03	4.625206e+00	-4.714326e+00	-1.874096e-03	5.507510e-01
7.718088192749537e-03	4.767338e+00	-4.850871e+00	-1.234196e-03	5.521170e-01
7.734904230735182e-03	4.844470e+00	-4.927791e+00	-6.004465e-04	5.528230e-01
7.753541427433973e-03	4.867546e+00	-4.948814e+00	1.099074e-04	5.530190e-01
7.770765760136001e-03	4.822292e+00	-4.907963e+00	7.636806e-04	5.525696e-01
7.798775660942279e-03	4.606009e+00	-4.719391e+00	1.796268e-03	5.503673e-01
7.843944230277500e-03	3.948478e+00	-4.112440e+00	3.296164e-03	5.423631e-01
7.914602161469981e-03	2.497279e+00	-2.530405e+00	5.221397e-03	5.218652e-01
7.923919154011121e-03	2.263877e+00	-2.277159e+00	5.413134e-03	5.175052e-01
7.942553139093400e-03	1.736050e+00	-1.748154e+00	5.705853e-03	5.021633e-01
7.979821109257958e-03	6.406193e-01	-6.259085e-01	6.149131e-03	4.593741e-01
7.980089675173841e-03	6.324836e-01	-6.176212e-01	6.177178e-03	4.588780e-01
7.980447763061687e-03	6.215776e-01	-6.065691e-01	6.201301e-03	4.581078e-01
7.985460993491516e-03	4.684770e-01	-4.515461e-01	6.303267e-03	4.438881e-01
7.991190399697035e-03	2.929880e-01	-2.738362e-01	6.465877e-03	4.217386e-01
7.992622751248414e-03	2.489820e-01	-2.293439e-01	6.555256e-03	4.139383e-01
7.995487454351174e-03	1.606262e-01	-1.403036e-01	6.908571e-03	3.920302e-01
7.997049598091789e-03	1.120813e-01	-9.172554e-02	7.345086e-03	3.732427e-01
7.999044817299818e-03	4.913087e-02	-2.965697e-02	8.712728e-03	3.336252e-01
8.000098181511655e-03	1.475827e-02	3.134721e-03	1.049726e-02	2.973643e-01
8.000902883009553e-03	-1.300986e-02	2.820586e-02	1.305276e-02	2.497590e-01
8.001659558950996e-03	-4.079998e-02	5.179752e-02	1.635192e-02	1.788862e-01
8.002512063653561e-03	-7.370258e-02	7.838347e-02	2.039130e-02	6.223083e-02
8.003412292865745e-03	-1.078766e-01	1.064545e-01	2.181277e-02	-1.024223e-01
8.004257737126203e-03	-1.310131e-01	1.327711e-01	5.571632e-03	-2.850562e-01
8.004802727911214e-03	-1.244014e-01	1.495628e-01	-3.001465e-02	-3.979891e-01
8.005509579899086e-03	-7.795267e-02	1.713134e-01	-9.396467e-02	-5.104931e-01
8.006163435593369e-03	-1.492023e-02	1.915670e-01	-1.413492e-01	-5.785483e-01
8.007044098835899e-03	6.938991e-02	2.189275e-01	-1.852622e-01	-6.367638e-01
8.008070622733883e-03	1.468730e-01	2.508427e-01	-2.244887e-01	-6.862673e-01
8.009587634711504e-03	2.301798e-01	2.979732e-01	-2.749470e-01	-7.469144e-01
8.011540746058964e-03	3.127006e-01	3.585939e-01	-3.369915e-01	-8.185629e-01
8.014591085807385e-03	4.249673e-01	4.531443e-01	-4.324312e-01	-9.252688e-01
8.019441194476448e-03	5.965620e-01	6.031251e-01	-5.830395e-01	-1.089045e+00
8.029141411814574e-03	9.342097e-01	9.012664e-01	-8.807661e-01	-1.404700e+00
8.048541846490826e-03	1.592721e+00	1.486418e+00	-1.461521e+00	-2.008492e+00
8.075546978162092e-03	2.450995e+00	2.262383e+00	-2.217395e+00	-2.783908e+00
8.122772126334787e-03	3.754674e+00	3.450843e+00	-3.361918e+00	-3.948284e+00
8.172333352069204e-03	4.848292e+00	4.372229e+00	-4.317107e+00	-4.916015e+00
8.197232982150662e-03	5.242980e+00	4.680451e+00	-4.658992e+00	-5.261630e+00
8.215510333385507e-03	5.433538e+00	4.834255e+00	-4.821803e+00	-5.426038e+00
8.231773992801016e-03	5.537584e+00	4.917613e+00	-4.908531e+00	-5.513586e+00
8.247982307769929e-03	5.582000e+00	4.949640e+00	-4.942425e+00	-5.547801e+00
8.264250655496795e-03	5.561538e+00	4.930212e+00	-4.918860e+00	-5.524020e+00
8.288192020960020e-03	5.407701e+00	4.808207e+00	-4.774806e+00	-5.378577e+00
8.326958520792752e-03	4.881059e+00	4.382546e+00	-4.296728e+00	-4.895262e+00
8.388449999701465e-03	3.544968e+00	3.192295e+00	-3.098288e+00	-3.679617e+00
8.446397618945263e-03	1.918773e+00	1.635837e+00	-1.647864e+00	-2.202255e+00
8.453107164605719e-03	1.703619e+00	1.437485e+00	-1.456563e+00	-2.005675e+00
8.466526255926634e-03	1.246922e+00	1.033476e+00	-1.050930e+00	-1.579280e+00
8.493364438568463e-03	3.327680e-01	2.063506e-01	-2.354620e-01	-6.342546e-01
8.501293804409194e-03	7.799582e-02	-4.027385e-02	-4.050076e-03	-2.745290e-01
8.501329572039687e-03	7.705102e-02	-4.139181e-02	-3.737239e-03	-2.722590e-01
8.501401107300674e-03	7.564459e-02	-4.362967e-02	-4.578353e-03	-2.667612e-01
8.501544177822649e-03	7.393056e-02	-4.810748e-02	-6.418128e-03	-2.544447e-01
8.501830318866598e-03	7.406158e-02	-5.705687e-02	-9.892334e-03	-2.245437e-01
8.502379724842532e-03	8.305345e-02	-7.422423e-02	-1.545143e-02	-1.481534e-01
8.503478536794402e-03	1.149938e-01	-1.085148e-01	-2.377528e-02	4.785426e-02
8.504069203006776e-03	1.356866e-01	-1.269157e-01	-2.527821e-02	1.717975e-01
8.504476029487481e-03	1.491546e-01	-1.395135e-01	-2.188326e-02	2.576165e-01
8.504869071484664e-03	1.585340e-01	-1.515990e-01	-1.503448e-02	3.217834e-01
8.505334833810895e-03	1.657619e-01	-1.659589e-01	-8.081051e-03	3.677080e-01
8.505783319609944e-03	1.719765e-01	-1.798593e-01	-5.385204e-03	3.892735e-01
8.506390026822089e-03	1.827803e-01	-1.987046e-01	-5.141107e-03	4.019100e-01
8.507062816559236e-03	1.985591e-01	-2.196137e-01	-5.652591e-03	4.090789e-01
8.508141623960344e-03	2.285266e-01	-2.531307e-01	-6.180243e-03	4.163798e-01
8.509793714116377e-03	2.778035e-01	-3.044321e-01	-6.367401e-03	4.249701e-01
8.512712321430397e-03	3.666896e-01	-3.949768e-01	-6.329121e-03	4.365951e-01
8.518197140729395e-03	5.338493e-01	-5.647522e-01	-6.222772e-03	4.525663e-01
8.526735430724174e-03	7.925041e-01	-8.276359e-01	-6.110787e-03	4.698254e-01
8.540482977930728e-03	1.203052e+00	-1.245583e+00	-5.949353e-03	4.885028e-01
8.558677075617149e-03	1.728022e+00	-1.783926e+00	-5.699818e-03	5.048510e-01
8.588764741936586e-03	2.531974e+00	-2.619858e+00	-5.149095e-03	5.221618e-01
8.630244600256862e-03	3.480587e+00	-3.613637e+00	-4.128799e-03	5.371255e-01
8.677103090372385e-03	4.323564e+00	-4.439834e+00	-2.693634e-03	5.475484e-01
8.700687664290930e-03	4.625217e+00	-4.714337e+00	-1.874056e-03	5.507511e-01
8.718089024029398e-03	4.767344e+00	-4.850876e+00	-1.234165e-03	5.521170e-01
8.734905231877772e-03	4.844471e+00	-4.927794e+00	-6.004083e-04	5.528230e-01
8.753543204860109e-03	4.867543e+00	-4.948813e+00	1.099752e-04	5.530190e-01
8.770768654075467e-03	4.822278e+00	-4.907952e+00	7.637899e-04	5.525694e-01
8.798780357741537e-03	4.605959e+00	-4.719347e+00	1.796436e-03	5.503668e-01
8.843951740650972e-03	3.948341e+00	-4.112310e+00	3.296390e-03	5.423612e-01
8.914613592223229e-03	2.496979e+00	-2.530099e+00	5.221635e-03	5.218595e-01
8.923930801151874e-03	2.263561e+00	-2.276838e+00	5.413355e-03	5.174987e-01
8.942565219009166e-03	1.735706e+00	-1.747803e+00	5.706037e-03	5.021518e-01
8.979834054723751e-03	6.402254e-01	-6.255091e-01	6.149278e-03	4.593453e-01
8.980102488186590e-03	6.320937e-01	-6.172258e-01	6.177342e-03	4.588491e-01
8.980460399470376e-03	6.211928e-01	-6.061790e-01	6.201483e-03	4.580788e-01
8.985471157443387e-03	4.681663e-01	-4.512313e-01	6.303495e-03	4.438565e-01
8.991197737983968e-03	2.927627e-01	-2.736083e-01	6.466230e-03	4.217013e-01
8.992629383119115e-03	2.487781e-01	-2.291378e-01	6.555709e-03	4.138983e-01
8.995492673389406e-03	1.604648e-01	-1.401413e-01	6.909502e-03	3.919802e-01
8.997053950100658e-03	1.119459e-01	-9.159018e-02	7.346574e-03	3.731860e-01
8.999046322334770e-03	4.908281e-02	-2.961013e-02	8.714302e-03	3.335911e-01
9.000098954929366e-03	1.473247e-02	3.158808e-03	1.049897e-02	2.973336e-01
9.000903256320417e-03	-1.302308e-02	2.821749e-02	1.305410e-02	2.497344e-01
9.001659958247228e-03	-4.081513e-02	5.180997e-02	1.635380e-02	1.788411e-01
9.002512598775162e-03	-7.372359e-02	7.840016e-02	2.039375e-02	6.214602e-02
9.003412761357967e-03	-1.078951e-01	1.064691e-01	2.181356e-02	-1.025137e-01
9.004257770398944e-03	-1.310174e-01	1.327722e-01	5.574508e-03	-2.850639e-01
9.004802676328992e-03	-1.244064e-01	1.495612e-01	-3.000994e-02	-3.979830e-01
9.005509422945231e-03	-7.796695e-02	1.713086e-01	-9.395228e-02	-5.104750e-01
9.006163283002569e-03	-1.493485e-02	1.915623e-01	-1.413399e-01	-5.785356e-01
9.007043896018406e-03	6.937277e-02	2.189212e-01	-1.852536e-01	-6.367527e-01
9.008070380521793e-03	1.468574e-01	2.508352e-01	-2.244802e-01	-6.862568e-01
9.009587269493594e-03	2.301626e-01	2.979619e-01	-2.749353e-01	-7.469006e-01
9.011540270525848e-03	3.126822e-01	3.585792e-01	-3.369765e-01	-8.185459e-01
9.014590300177936e-03	4.249392e-01	4.531200e-01	-4.324067e-01	-9.252418e-01
9.019439910874586e-03	5.965169e-01	6.030855e-01	-5.829998e-01	-1.089002e+00
9.029139132267888e-03	9.341310e-01	9.011967e-01	-8.806967e-01	-1.404627e+00
9.048537575054491e-03	1.592579e+00	1.486291e+00	-1.461396e+00	-2.008363e+00
9.075541230321607e-03	2.450822e+00	2.262224e+00	-2.217243e+00	-2.783752e+00
9.122761540609620e-03	3.754400e+00	3.450607e+00	-3.361677e+00	-3.948040e+00
9.172331966110564e-03	4.848258e+00	4.372209e+00	-4.317078e+00	-4.915985e+00
9.197231981826480e-03	5.242968e+00	4.680441e+00	-4.658981e+00	-5.261619e+00
9.215509588042224e-03	5.433533e+00	4.834250e+00	-4.821797e+00	-5.426033e+00
9.231773066526231e-03	5.537580e+00	4.917609e+00	-4.908528e+00	-5.513583e+00
9.247980662313221e-03	5.581998e+00	4.949639e+00	-4.942424e+00	-5.547801e+00
9.264250043827797e-03	5.561539e+00	4.930214e+00	-4.918861e+00	-5.524021e+00
9.288191026507365e-03	5.407711e+00	4.808214e+00	-4.774815e+00	-5.378586e+00
9.326956919409830e-03	4.881087e+00	4.382570e+00	-4.296753e+00	-4.895288e+00
9.388447507490535e-03	3.545032e+00	3.192354e+00	-3.098345e+00	-3.679675e+00
9.446396208041575e-03	1.918819e+00	1.635878e+00	-1.647905e+00	-2.202297e+00
9.453105898675009e-03	1.703661e+00	1.437523e+00	-1.456600e+00	-2.005714e+00
9.466525279941877e-03	1.246955e+00	1.033505e+00	-1.050959e+00	-1.579311e+00
9.493364042475614e-03	3.327792e-01	2.063629e-01	-2.354725e-01	-6.342779e-01
9.501293633166718e-03	7.799519e-02	-4.026851e-02	-4.051189e-03	-2.745593e-01
9.501329403117648e-03	7.705028e-02	-4.138654e-02	-3.738241e-03	-2.722893e-01
9.501400943019510e-03	7.564360e-02	-4.362455e-02	-4.579096e-03	-2.667916e-01
9.501544022823232e-03	7.392914e-02	-4.810264e-02	-6.418425e-03	-2.544754e-01
9.501830182430676e-03	7.405971e-02	-5.705262e-02	-9.892063e-03	-2.245741e-01
9.502379705074535e-03	8.305340e-02	-7.422362e-02	-1.545159e-02	-1.481680e-01
9.503478750362254e-03	1.150011e-01	-1.085214e-01	-2.377647e-02	4.788479e-02
9.504069372333326e-03	1.356925e-01	-1.269209e-01	-2.527823e-02	1.718208e-01
9.504476185657085e-03	1.491595e-01	-1.395183e-01	-2.188203e-02	2.576353e-01
9.504869241663050e-03	1.585383e-01	-1.516043e-01	-1.503241e-02	3.217991e-01
9.505334986762841e-03	1.657651e-01	-1.659636e-01	-8.079747e-03	3.677165e-01
9.505783365528549e-03	1.719781e-01	-1.798607e-01	-5.385064e-03	3.892742e-01
9.506390139897970e-03	1.827833e-01	-1.987081e-01	-5.141165e-03	4.019110e-01
9.507062901926301e-03	1.985616e-01	-2.196163e-01	-5.652587e-03	4.090796e-01
9.508141855866466e-03	2.285334e-01	-2.531379e-01	-6.180282e-03	4.163812e-01
9.509793830716743e-03	2.778069e-01	-3.044357e-01	-6.367408e-03	4.249707e-01
9.512712778236784e-03	3.667036e-01	-3.949909e-01	-6.329108e-03	4.365967e-01
9.518197520393765e-03	5.338608e-01	-5.647639e-01	-6.222766e-03	4.525673e-01
9.526736558285764e-03	7.925382e-01	-8.276705e-01	-6.110774e-03	4.698273e-01
9.540483994248788e-03	1.203082e+00	-1.245614e+00	-5.949341e-03	4.885039e-01
9.558679131271841e-03	1.728080e+00	-1.783985e+00	-5.699786e-03	5.048525e-01
9.588767227953206e-03	2.532036e+00	-2.619924e+00	-5.149042e-03	5.221629e-01
9.630249050152008e-03	3.480681e+00	-3.613731e+00	-4.128677e-03	5.371268e-01
9.677104175351921e-03	4.323583e+00	-4.439848e+00	-2.693599e-03	5.475486e-01
9.700688452838968e-03	4.625225e+00	-4.714344e+00	-1.874028e-03	5.507512e-01
9.718089613657863e-03	4.767347e+00	-4.850880e+00	-1.234143e-03	5.521170e-01
9.734905941991142e-03	4.844473e+00	-4.927796e+00	-6.003812e-04	5.528230e-01
9.753544465593436e-03	4.867541e+00	-4.948812e+00	1.100233e-04	5.530190e-01
9.770770706754655e-03	4.822268e+00	-4.907943e+00	7.638675e-04	5.525693e-01
9.798783689191503e-03	4.605924e+00	-4.719316e+00	1.796555e-03	5.503664e-01
9.843957067759338e-03	3.948244e+00	-4.112218e+00	3.296551e-03	5.423598e-01
9.914621699982073e-03	2.496765e+00	-2.529883e+00	5.221803e-03	5.218555e-01
9.923939062214992e-03	2.263337e+00	-2.276610e+00	5.413512e-03	5.174940e-01
9.942573786680828e-03	1.735462e+00	-1.747553e+00	5.706168e-03	5.021436e-01
9.979843235612502e-03	6.346406e-01	-6.252258e-01	6.288799e-03	4.402425e-01
9.996334706582559e-03	1.689719e-01	-1.139636e-01	5.193006e-03	3.594791e-01
1.000400003803524e-02	2.147504e-02	3.563330e-05	2.356607e-03	2.788316e-01
1.000786243516508e-02	-1.631350e-03	4.198440e-06	7.188753e-04	2.348722e-01
1.001144328366738e-02	-9.868443e-04	8.535671e-06	3.351225e-04	2.098793e-01
1.001440922981058e-02	-5.720085e-04	4.187705e-06	3.138455e-04	1.976416e-01
1.001764893252778e-02	-5.867396e-04	4.163769e-06	2.137436e-04	1.877108e-01
1.002412833796217e-02	-3.806103e-04	2.757444e-06	1.723323e-04	1.726695e-01
1.003102143084941e-02	-3.015393e-04	2.196799e-06	1.309007e-04	1.605909e-01
1.004277453689489e-02	-2.129021e-04	1.572967e-06	9.761208e-05	1.454582e-01
1.005525580653562e-02	-1.671954e-04	1.147370e-06	7.532269e-05	1.335597e-01
1.007673572608173e-02	-1.206732e-04	8.887625e-07	5.582560e-05	1.185226e-01
1.009740533817276e-02	-9.720789e-05	5.969482e-07	4.450713e-05	1.077313e-01
1.013341978291220e-02	-7.280386e-05	5.326486e-07	3.390686e-05	9.379197e-02
1.016777810334153e-02	-5.954554e-05	2.991797e-07	2.754187e-05	8.372044e-02
1.022163684945439e-02	-4.657881e-05	3.421426e-07	2.181352e-05	7.189034e-02
1.027801158182833e-02	-3.848619e-05	1.366303e-07	1.788181e-05	6.250928e-02
1.036941494940470e-02	-2.982140e-05	2.258218e-07	1.397159e-05	5.111200e-02
1.045423018747622e-02	-2.471138e-05	4.060399e-08	1.150627e-05	4.319280e-02
1.059537281473842e-02	-1.888473e-05	1.597718e-07	8.890712e-06	3.364363e-02
1.076296654203207e-02	-1.446419e-05	-2.073629e-08	6.751088e-06	2.565448e-02
1.105143072434840e-02	-9.475647e-06	1.127091e-07	4.467476e-06	1.673399e-02
1.141317971947493e-02	-5.856362e-06	-6.027791e-08	2.733936e-06	1.012671e-02
1.202683423172789e-02	-2.701972e-06	8.640233e-08	1.279369e-06	4.634552e-03
1.289348416780887e-02	-9.590489e-07	-7.760191e-08	4.423697e-07	1.594927e-03
1.442898962031353e-02	-1.598220e-07	7.942576e-08	7.988700e-08	2.773726e-04
1.703977169176056e-02	-1.969966e-09	-7.949688e-08	-2.417134e-09	-4.133267e-06
6.801784178393063e-01	-7.076443e-11	7.954782e-08	3.122329e-11	6.101153e-08
1.000000000000000e+00	-1.236913e-10	-7.954824e-08	4.092726e-12	4.315984e-08
