Freq						ampiezza dB           fase gradi
1.00000000000000e+01	-6.74682770408718e+01	8.98744448237296e+01
1.02329299228075e+01	-6.72682775299869e+01	8.98715202703914e+01
1.04712854805090e+01	-6.70682780421532e+01	8.98685275956275e+01
1.07151930523761e+01	-6.68682785784572e+01	8.98654652126983e+01
1.09647819614319e+01	-6.66682791400363e+01	8.98623314979054e+01
1.12201845430196e+01	-6.64682797280818e+01	8.98591247897304e+01
1.14815362149688e+01	-6.62682803438410e+01	8.98558433879542e+01
1.17489755493953e+01	-6.60682809886200e+01	8.98524855527555e+01
1.20226443461741e+01	-6.58682816637864e+01	8.98490495037887e+01
1.23026877081238e+01	-6.56682823707724e+01	8.98455334192398e+01
1.25892541179417e+01	-6.54682831110776e+01	8.98419354348606e+01
1.28824955169313e+01	-6.52682838862721e+01	8.98382536429804e+01
1.31825673855641e+01	-6.50682846980004e+01	8.98344860914948e+01
1.34896288259165e+01	-6.48682855479842e+01	8.98306307828306e+01
1.38038426460288e+01	-6.46682864380265e+01	8.98266856728868e+01
1.41253754462275e+01	-6.44682873700150e+01	8.98226486699512e+01
1.44543977074593e+01	-6.42682883459267e+01	8.98185176335915e+01
1.47910838816821e+01	-6.40682893678315e+01	8.98142903735202e+01
1.51356124843621e+01	-6.38682904378971e+01	8.98099646484339e+01
1.54881661891248e+01	-6.36682915583932e+01	8.98055381648252e+01
1.58489319246111e+01	-6.34682927316965e+01	8.98010085757664e+01
1.62181009735893e+01	-6.32682939602958e+01	8.97963734796660e+01
1.65958690743756e+01	-6.30682952467969e+01	8.97916304189950e+01
1.69824365246174e+01	-6.28682965939287e+01	8.97867768789847e+01
1.73780082874937e+01	-6.26682980045487e+01	8.97818102862934e+01
1.77827941003892e+01	-6.24682994816490e+01	8.97767280076423e+01
1.81970085860998e+01	-6.22683010283625e+01	8.97715273484197e+01
1.86208713666287e+01	-6.20683026479701e+01	8.97662055512526e+01
1.90546071796325e+01	-6.18683043439071e+01	8.97607597945452e+01
1.94984459975804e+01	-6.16683061197709e+01	8.97551871909833e+01
1.99526231496888e+01	-6.14683079793281e+01	8.97494847860039e+01
2.04173794466953e+01	-6.12683099265231e+01	8.97436495562288e+01
2.08929613085404e+01	-6.10683119654861e+01	8.97376784078627e+01
2.13796208950223e+01	-6.08683141005420e+01	8.97315681750529e+01
2.18776162394955e+01	-6.06683163362193e+01	8.97253156182117e+01
2.23872113856834e+01	-6.04683186772603e+01	8.97189174222990e+01
2.29086765276777e+01	-6.02683211286305e+01	8.97123701950657e+01
2.34422881531992e+01	-6.00683236955294e+01	8.97056704652557e+01
2.39883291901949e+01	-5.98683263834018e+01	8.96988146807661e+01
2.45470891568503e+01	-5.96683291979487e+01	8.96917992067650e+01
2.51188643150958e+01	-5.94683321451402e+01	8.96846203237647e+01
2.57039578276886e+01	-5.92683352312275e+01	8.96772742256512e+01
2.63026799189538e+01	-5.90683384627563e+01	8.96697570176667e+01
2.69153480392691e+01	-5.88683418465812e+01	8.96620647143458e+01
2.75422870333816e+01	-5.86683453898794e+01	8.96541932374041e+01
2.81838293126445e+01	-5.84683491001665e+01	8.96461384135762e+01
2.88403150312660e+01	-5.82683529853123e+01	8.96378959724054e+01
2.95120922666638e+01	-5.80683570535576e+01	8.96294615439802e+01
3.01995172040201e+01	-5.78683613135312e+01	8.96208306566192e+01
3.09029543251359e+01	-5.76683657742690e+01	8.96119987345023e+01
3.16227766016838e+01	-5.74683704452325e+01	8.96029610952456e+01
3.23593656929628e+01	-5.72683753363289e+01	8.95937129474215e+01
3.31131121482591e+01	-5.70683804579326e+01	8.95842493880197e+01
3.38844156139202e+01	-5.68683858209068e+01	8.95745653998504e+01
3.46736850452531e+01	-5.66683914366266e+01	8.95646558488864e+01
3.54813389233575e+01	-5.64683973170032e+01	8.95545154815433e+01
3.63078054770101e+01	-5.62684034745091e+01	8.95441389218974e+01
3.71535229097172e+01	-5.60684099222047e+01	8.95335206688376e+01
3.80189396320561e+01	-5.58684166737655e+01	8.95226550931526e+01
3.89045144994280e+01	-5.56684237435120e+01	8.95115364345493e+01
3.98107170553497e+01	-5.54684311464391e+01	8.95001587986022e+01
4.07380277804112e+01	-5.52684388982486e+01	8.94885161536324e+01
4.16869383470335e+01	-5.50684470153822e+01	8.94766023275136e+01
4.26579518801592e+01	-5.48684555150563e+01	8.94644110044045e+01
4.36515832240165e+01	-5.46684644152987e+01	8.94519357214041e+01
4.46683592150962e+01	-5.44684737349867e+01	8.94391698651313e+01
4.57088189614874e+01	-5.42684834938873e+01	8.94261066682232e+01
4.67735141287197e+01	-5.40684937126988e+01	8.94127392057534e+01
4.78630092322638e+01	-5.38685044130952e+01	8.93990603915667e+01
4.89778819368445e+01	-5.36685156177714e+01	8.93850629745288e+01
5.01187233627271e+01	-5.34685273504921e+01	8.93707395346890e+01
5.12861383991364e+01	-5.32685396361418e+01	8.93560824793543e+01
5.24807460249772e+01	-5.30685525007775e+01	8.93410840390716e+01
5.37031796370252e+01	-5.28685659716842e+01	8.93257362635181e+01
5.49540873857623e+01	-5.26685800774327e+01	8.93100310172949e+01
5.62341325190348e+01	-5.24685948479398e+01	8.92939599756249e+01
5.75439937337156e+01	-5.22686103145323e+01	8.92775146199491e+01
5.88843655355588e+01	-5.20686265100131e+01	8.92606862334229e+01
6.02559586074357e+01	-5.18686434687308e+01	8.92434658963066e+01
6.16595001861481e+01	-5.16686612266524e+01	8.92258444812500e+01
6.30957344480192e+01	-5.14686798214398e+01	8.92078126484678e+01
6.45654229034654e+01	-5.12686992925296e+01	8.91893608408036e+01
6.60693448007595e+01	-5.10687196812163e+01	8.91704792786791e+01
6.76082975391980e+01	-5.08687410307406e+01	8.91511579549274e+01
6.91830970918935e+01	-5.06687633863802e+01	8.91313866295063e+01
7.07945784384136e+01	-5.04687867955464e+01	8.91111548240900e+01
7.24435960074988e+01	-5.02688113078845e+01	8.90904518165358e+01
7.41310241300916e+01	-5.00688369753787e+01	8.90692666352229e+01
7.58577575029182e+01	-4.98688638524627e+01	8.90475880532608e+01
7.76247116628690e+01	-4.96688919961348e+01	8.90254045825643e+01
7.94328234724279e+01	-4.94689214660787e+01	8.90027044677920e+01
8.12830516164097e+01	-4.92689523247902e+01	8.89794756801447e+01
8.31763771102669e+01	-4.90689846377094e+01	8.89557059110219e+01
8.51138038202374e+01	-4.88690184733597e+01	8.89313825655318e+01
8.70963589956078e+01	-4.86690539034927e+01	8.89064927558519e+01
8.91250938133743e+01	-4.84690910032401e+01	8.88810232944379e+01
9.12010839355907e+01	-4.82691298512736e+01	8.88549606870759e+01
9.33254300796988e+01	-4.80691705299706e+01	8.88282911257755e+01
9.54992586021433e+01	-4.78692131255897e+01	8.88010004814996e+01
9.77237220955808e+01	-4.76692577284527e+01	8.87730742967287e+01
9.99999999999997e+01	-4.74693044331363e+01	8.87444977778534e+01
1.02329299228075e+02	-4.72693533386724e+01	8.87152557873941e+01
1.04712854805090e+02	-4.70694045487579e+01	8.86853328360426e+01
1.07151930523760e+02	-4.68694581719740e+01	8.86547130745216e+01
1.09647819614318e+02	-4.66695143220166e+01	8.86233802852591e+01
1.12201845430196e+02	-4.64695731179369e+01	8.85913178738726e+01
1.14815362149688e+02	-4.62696346843934e+01	8.85585088604595e+01
1.17489755493953e+02	-4.60696991519160e+01	8.85249358706900e+01
1.20226443461741e+02	-4.58697666571821e+01	8.84905811266967e+01
1.23026877081238e+02	-4.56698373433065e+01	8.84554264377589e+01
1.25892541179416e+02	-4.54699113601435e+01	8.84194531907741e+01
1.28824955169313e+02	-4.52699888646049e+01	8.83826423405157e+01
1.31825673855640e+02	-4.50700700209916e+01	8.83449743996695e+01
1.34896288259165e+02	-4.48701550013415e+01	8.83064294286454e+01
1.38038426460288e+02	-4.46702439857932e+01	8.82669870251603e+01
1.41253754462275e+02	-4.44703371629677e+01	8.82266263135862e+01
1.44543977074592e+02	-4.42704347303669e+01	8.81853259340590e+01
1.47910838816820e+02	-4.40705368947915e+01	8.81430640313443e+01
1.51356124843620e+02	-4.38706438727783e+01	8.80998182434523e+01
1.54881661891248e+02	-4.36707558910583e+01	8.80555656900008e+01
1.58489319246111e+02	-4.34708731870359e+01	8.80102829603169e+01
1.62181009735892e+02	-4.32709960092906e+01	8.79639461012755e+01
1.65958690743755e+02	-4.30711246181029e+01	8.79165306048678e+01
1.69824365246174e+02	-4.28712592860037e+01	8.78680113954946e+01
1.73780082874937e+02	-4.26714002983505e+01	8.78183628169793e+01
1.77827941003892e+02	-4.24715479539304e+01	8.77675586192953e+01
1.81970085860998e+02	-4.22717025655906e+01	8.77155719450014e+01
1.86208713666286e+02	-4.20718644608994e+01	8.76623753153818e+01
1.90546071796324e+02	-4.18720339828378e+01	8.76079406162819e+01
1.94984459975804e+02	-4.16722114905232e+01	8.75522390836380e+01
1.99526231496887e+02	-4.14723973599677e+01	8.74952412886923e+01
2.04173794466952e+02	-4.12725919848705e+01	8.74369171228887e+01
2.08929613085403e+02	-4.10727957774493e+01	8.73772357824451e+01
2.13796208950222e+02	-4.08730091693088e+01	8.73161657525934e+01
2.18776162394954e+02	-4.06732326123509e+01	8.72536747914850e+01
2.23872113856833e+02	-4.04734665797270e+01	8.71897299137538e+01
2.29086765276776e+02	-4.02737115668347e+01	8.71242973737320e+01
2.34422881531991e+02	-4.00739680923612e+01	8.70573426483132e+01
2.39883291901948e+02	-3.98742366993755e+01	8.69888304194572e+01
2.45470891568502e+02	-3.96745179564711e+01	8.69187245563304e+01
2.51188643150957e+02	-3.94748124589626e+01	8.68469880970779e+01
2.57039578276885e+02	-3.92751208301373e+01	8.67735832302207e+01
2.63026799189537e+02	-3.90754437225660e+01	8.66984712756727e+01
2.69153480392690e+02	-3.88757818194736e+01	8.66216126653744e+01
2.75422870333816e+02	-3.86761358361747e+01	8.65429669235354e+01
2.81838293126444e+02	-3.84765065215753e+01	8.64624926464842e+01
2.88403150312659e+02	-3.82768946597439e+01	8.63801474821181e+01
2.95120922666637e+02	-3.80773010715565e+01	8.62958881089507e+01
3.01995172040200e+02	-3.78777266164168e+01	8.62096702147519e+01
3.09029543251358e+02	-3.76781721940571e+01	8.61214484747772e+01
3.16227766016837e+02	-3.74786387464222e+01	8.60311765295832e+01
3.23593656929627e+02	-3.72791272596399e+01	8.59388069624248e+01
3.31131121482590e+02	-3.70796387660839e+01	8.58442912762331e+01
3.38844156139201e+02	-3.68801743465309e+01	8.57475798701705e+01
3.46736850452530e+02	-3.66807351324173e+01	8.56486220157621e+01
3.54813389233574e+02	-3.64813223082009e+01	8.55473658326012e+01
3.63078054770100e+02	-3.62819371138303e+01	8.54437582636294e+01
3.71535229097171e+02	-3.60825808473280e+01	8.53377450499894e+01
3.80189396320559e+02	-3.58832548674931e+01	8.52292707054531e+01
3.89045144994279e+02	-3.56839605967270e+01	8.51182784904255e+01
3.98107170553495e+02	-3.54846995239891e+01	8.50047103855256e+01
4.07380277804111e+02	-3.52854732078876e+01	8.48885070647494e+01
4.16869383470333e+02	-3.50862832799119e+01	8.47696078682170e+01
4.26579518801591e+02	-3.48871314478119e+01	8.46479507745101e+01
4.36515832240164e+02	-3.46880194991321e+01	8.45234723726057e+01
4.46683592150961e+02	-3.44889493049055e+01	8.43961078334133e+01
4.57088189614873e+02	-3.42899228235163e+01	8.42657908809249e+01
4.67735141287196e+02	-3.40909421047369e+01	8.41324537629867e+01
4.78630092322636e+02	-3.38920092939479e+01	8.39960272217063e+01
4.89778819368444e+02	-3.36931266365485e+01	8.38564404635062e+01
5.01187233627270e+02	-3.34942964825661e+01	8.37136211288421e+01
5.12861383991362e+02	-3.32955212914723e+01	8.35674952615993e+01
5.24807460249770e+02	-3.30968036372158e+01	8.34179872781901e+01
5.37031796370250e+02	-3.28981462134802e+01	8.32650199363715e+01
5.49540873857622e+02	-3.26995518391763e+01	8.31085143038079e+01
5.62341325190346e+02	-3.25010234641791e+01	8.29483897264050e+01
5.75439937337154e+02	-3.23025641753194e+01	8.27845637964455e+01
5.88843655355586e+02	-3.21041772026408e+01	8.26169523205568e+01
6.02559586074355e+02	-3.19058659259324e+01	8.24454692875490e+01
6.16595001861479e+02	-3.17076338815491e+01	8.22700268361592e+01
6.30957344480190e+02	-3.15094847695305e+01	8.20905352227484e+01
6.45654229034652e+02	-3.13114224610311e+01	8.19069027889940e+01
6.60693448007592e+02	-3.11134510060731e+01	8.17190359296322e+01
6.76082975391978e+02	-3.09155746416355e+01	8.15268390603032e+01
6.91830970918933e+02	-3.07177978000921e+01	8.13302145855613e+01
7.07945784384134e+02	-3.05201251180116e+01	8.11290628671144e+01
7.24435960074986e+02	-3.03225614453339e+01	8.09232821923640e+01
7.41310241300914e+02	-3.01251118549369e+01	8.07127687433231e+01
7.58577575029180e+02	-2.99277816526073e+01	8.04974165659938e+01
7.76247116628688e+02	-2.97305763874320e+01	8.02771175402965e+01
7.94328234724277e+02	-2.95335018626224e+01	8.00517613506444e+01
8.12830516164095e+02	-2.93365641467902e+01	7.98212354572710e+01
8.31763771102666e+02	-2.91397695856870e+01	7.95854250684197e+01
8.51138038202372e+02	-2.89431248144268e+01	7.93442131135184e+01
8.70963589956076e+02	-2.87466367702044e+01	7.90974802174678e+01
8.91250938133741e+02	-2.85503127055282e+01	7.88451046761823e+01
9.12010839355905e+02	-2.83541602019820e+01	7.85869624335334e+01
9.33254300796986e+02	-2.81581871845338e+01	7.83229270598546e+01
9.54992586021431e+02	-2.79624019364060e+01	7.80528697321791e+01
9.77237220955805e+02	-2.77668131145251e+01	7.77766592163930e+01
9.99999999999994e+02	-2.75714297655660e+01	7.74941618514987e+01
1.02329299228075e+03	-2.73762613426069e+01	7.72052415361978e+01
1.04712854805089e+03	-2.71813177224108e+01	7.69097597180135e+01
1.07151930523760e+03	-2.69866092233485e+01	7.66075753851911e+01
1.09647819614318e+03	-2.67921466239780e+01	7.62985450616260e+01
1.12201845430196e+03	-2.65979411822939e+01	7.59825228050880e+01
1.14815362149688e+03	-2.64040046556601e+01	7.56593602090242e+01
1.17489755493952e+03	-2.62103493214392e+01	7.53289064082423e+01
1.20226443461741e+03	-2.60169879983276e+01	7.49910080887924e+01
1.23026877081237e+03	-2.58239340684080e+01	7.46455095023852e+01
1.25892541179416e+03	-2.56312014999271e+01	7.42922524857020e+01
1.28824955169313e+03	-2.54388048708045e+01	7.39310764849740e+01
1.31825673855640e+03	-2.52467593928791e+01	7.35618185862270e+01
1.34896288259165e+03	-2.50550809368933e+01	7.31843135516084e+01
1.38038426460288e+03	-2.48637860582165e+01	7.27983938622383e+01
1.41253754462275e+03	-2.46728920233056e+01	7.24038897680422e+01
1.44543977074592e+03	-2.44824168368940e+01	7.20006293450527e+01
1.47910838816820e+03	-2.42923792699032e+01	7.15884385606825e+01
1.51356124843620e+03	-2.41027988880603e+01	7.11671413475009e+01
1.54881661891247e+03	-2.39136960812071e+01	7.07365596860621e+01
1.58489319246110e+03	-2.37250920932757e+01	7.02965136973617e+01
1.62181009735892e+03	-2.35370090529058e+01	6.98468217455158e+01
1.65958690743755e+03	-2.33494700046694e+01	6.93873005512822e+01
1.69824365246173e+03	-2.31624989408638e+01	6.89177653170607e+01
1.73780082874936e+03	-2.29761208338289e+01	6.84380298640338e+01
1.77827941003891e+03	-2.27903616687331e+01	6.79479067821223e+01
1.81970085860997e+03	-2.26052484767710e+01	6.74472075934535e+01
1.86208713666286e+03	-2.24208093686998e+01	6.69357429300481e+01
1.90546071796323e+03	-2.22370735686398e+01	6.64133227264523e+01
1.94984459975803e+03	-2.20540714480491e+01	6.58797564280430e+01
1.99526231496887e+03	-2.18718345597761e+01	6.53348532157485e+01
2.04173794466952e+03	-2.16903956720793e+01	6.47784222479243e+01
2.08929613085403e+03	-2.15097888024952e+01	6.42102729201261e+01
2.13796208950222e+03	-2.13300492514208e+01	6.36302151435122e+01
2.18776162394954e+03	-2.11512136352644e+01	6.30380596425996e+01
2.23872113856832e+03	-2.09733199190062e+01	6.24336182730756e+01
2.29086765276776e+03	-2.07964074479946e+01	6.18167043603459e+01
2.34422881531991e+03	-2.06205169787888e+01	6.11871330594643e+01
2.39883291901947e+03	-2.04456907088455e+01	6.05447217370491e+01
2.45470891568501e+03	-2.02719723048296e+01	5.98892903757402e+01
2.51188643150956e+03	-2.00994069293124e+01	5.92206620016923e+01
2.57039578276885e+03	-1.99280412656064e+01	5.85386631355237e+01
2.63026799189536e+03	-1.97579235404673e+01	5.78431242670612e+01
2.69153480392690e+03	-1.95891035443789e+01	5.71338803541230e+01
2.75422870333815e+03	-1.94216326491177e+01	5.64107713454719e+01
2.81838293126443e+03	-1.92555638222811e+01	5.56736427279484e+01
2.88403150312658e+03	-1.90909516384452e+01	5.49223460976535e+01
2.95120922666636e+03	-1.89278522866029e+01	5.41567397548971e+01
3.01995172040199e+03	-1.87663235735222e+01	5.33766893224567e+01
3.09029543251357e+03	-1.86064249226482e+01	5.25820683865057e+01
3.16227766016836e+03	-1.84482173681645e+01	5.17727591593637e+01
3.23593656929626e+03	-1.82917635438173e+01	5.09486531630052e+01
3.31131121482589e+03	-1.81371276661037e+01	5.01096519320198e+01
3.38844156139200e+03	-1.79843755114146e+01	4.92556677344691e+01
3.46736850452529e+03	-1.78335743867287e+01	4.83866243088133e+01
3.54813389233573e+03	-1.76847930934502e+01	4.75024576147959e+01
3.63078054770099e+03	-1.75381018839932e+01	4.66031165958817e+01
3.71535229097170e+03	-1.73935724107239e+01	4.56885639505305e+01
3.80189396320558e+03	-1.72512776668870e+01	4.47587769092743e+01
3.89045144994278e+03	-1.71112919191631e+01	4.38137480142406e+01
3.98107170553494e+03	-1.69736906315299e+01	4.28534858974357e+01
4.07380277804110e+03	-1.68385503801292e+01	4.18780160537736e+01
4.16869383470332e+03	-1.67059487588818e+01	4.08873816045137e+01
4.26579518801589e+03	-1.65759642756346e+01	3.98816440464524e+01
4.36515832240162e+03	-1.64486762386727e+01	3.88608839819102e+01
4.46683592150960e+03	-1.63241646334914e+01	3.78252018242760e+01
4.57088189614871e+03	-1.62025099897794e+01	3.67747184736031e+01
4.67735141287194e+03	-1.60837932386406e+01	3.57095759565289e+01
4.78630092322634e+03	-1.59680955601557e+01	3.46299380245912e+01
4.89778819368442e+03	-1.58554982214665e+01	3.35359907048669e+01
5.01187233627268e+03	-1.57460824056552e+01	3.24279427967551e+01
5.12861383991361e+03	-1.56399290317843e+01	3.13060263086824e+01
5.24807460249768e+03	-1.55371185665571e+01	3.01704968285239e+01
5.37031796370248e+03	-1.54377308281624e+01	2.90216338216149e+01
5.49540873857620e+03	-1.53418447829669e+01	2.78597408503858e+01
5.62341325190344e+03	-1.52495383358227e+01	2.66851457098837e+01
5.75439937337152e+03	-1.51608881148610e+01	2.54982004737572e+01
5.88843655355584e+03	-1.50759692517427e+01	2.42992814456752e+01
6.02559586074353e+03	-1.49948551584346e+01	2.30887890116320e+01
6.16595001861477e+03	-1.49176173016719e+01	2.18671473891487e+01
6.30957344480188e+03	-1.48443249763519e+01	2.06348042700311e+01
6.45654229034650e+03	-1.47750450791832e+01	1.93922303540618e+01
6.60693448007590e+03	-1.47098418839755e+01	1.81399187718031e+01
6.76082975391976e+03	-1.46487768200155e+01	1.68783843955479e+01
6.91830970918931e+03	-1.45919082550090e+01	1.56081630383781e+01
7.07945784384132e+03	-1.45392912840984e+01	1.43298105422556e+01
7.24435960074984e+03	-1.44909775264731e+01	1.30439017570763e+01
7.41310241300911e+03	-1.44470149310801e+01	1.17510294136455e+01
7.58577575029177e+03	-1.44074475929204e+01	1.04518028945664e+01
7.76247116628685e+03	-1.43723155813671e+01	9.14684690806395e+00
7.94328234724275e+03	-1.43416547818826e+01	7.83680007077369e+00
8.12830516164092e+03	-1.43154967524292e+01	6.52231340649243e+00
8.31763771102664e+03	-1.42938685957677e+01	5.20404876880179e+00
8.51138038202369e+03	-1.42767928487257e+01	3.88267719632101e+00
8.70963589956073e+03	-1.42642873893835e+01	2.55887721010311e+00
8.91250938133738e+03	-1.42563653629844e+01	1.23333306335168e+00
9.12010839355902e+03	-1.42530351272146e+01	-9.32670458152853e-02
9.33254300796983e+03	-1.42543002173379e+01	-1.42023278739542e+00
9.54992586021428e+03	-1.42601593314925e+01	-2.74687352686596e+00
9.77237220955802e+03	-1.42706063362805e+01	-4.07250015525209e+00
9.99999999999991e+03	-1.42856302926021e+01	-5.39642691023964e+00
1.02329299228075e+04	-1.43052155015052e+01	-6.71797317677812e+00
1.04712854805089e+04	-1.43293415696463e+01	-8.03646525586266e+00
1.07151930523760e+04	-1.43579834937901e+01	-9.35123809055682e+00
1.09647819614318e+04	-1.43911117636111e+01	-1.06616369388158e+01
1.12201845430195e+04	-1.44286924819133e+01	-1.19670189832827e+01
1.14815362149687e+04	-1.44706875012449e+01	-1.32667548689465e+01
1.17489755493952e+04	-1.45170545757639e+01	-1.45602301603589e+01
1.20226443461740e+04	-1.45677475271006e+01	-1.58468467109901e+01
1.23026877081237e+04	-1.46227164228793e+01	-1.71260239382508e+01
1.25892541179416e+04	-1.46819077664846e+01	-1.83971999986986e+01
1.28824955169312e+04	-1.47452646966078e+01	-1.96598328589672e+01
1.31825673855640e+04	-1.48127271950759e+01	-2.09134012589933e+01
1.34896288259164e+04	-1.48842323014454e+01	-2.21574055651472e+01
1.38038426460287e+04	-1.49597143328477e+01	-2.33913685118898e+01
1.41253754462274e+04	-1.50391051075916e+01	-2.46148358315659e+01
1.44543977074591e+04	-1.51223341710584e+01	-2.58273767728840e+01
1.47910838816819e+04	-1.52093290224780e+01	-2.70285845095270e+01
1.51356124843619e+04	-1.53000153412301e+01	-2.82180764411607e+01
1.54881661891247e+04	-1.53943172113922e+01	-2.93954943898666e+01
1.58489319246110e+04	-1.54921573433313e+01	-3.05605046957054e+01
1.62181009735891e+04	-1.55934572912310e+01	-3.17127982157161e+01
1.65958690743755e+04	-1.56981376655378e+01	-3.28520902311749e+01
1.69824365246173e+04	-1.58061183394086e+01	-3.39781202683683e+01
1.73780082874936e+04	-1.59173186483489e+01	-3.50906518384882e+01
1.77827941003891e+04	-1.60316575823270e+01	-3.61894721025213e+01
1.81970085860997e+04	-1.61490539697596e+01	-3.72743914671988e+01
1.86208713666285e+04	-1.62694266528597e+01	-3.83452431181838e+01
1.90546071796323e+04	-1.63926946539409e+01	-3.94018824967239e+01
1.94984459975803e+04	-1.65187773323642e+01	-4.04441867259733e+01
1.99526231496886e+04	-1.66475945319037e+01	-4.14720539931156e+01
2.04173794466951e+04	-1.67790667183953e+01	-4.24854028932871e+01
2.08929613085402e+04	-1.69131151076089e+01	-4.34841717411272e+01
2.13796208950221e+04	-1.70496617833580e+01	-4.44683178555672e+01
2.18776162394953e+04	-1.71886298059291e+01	-4.54378168232217e+01
2.23872113856832e+04	-1.73299433109701e+01	-4.63926617454744e+01
2.29086765276775e+04	-1.74735275990340e+01	-4.73328624740525e+01
2.34422881531990e+04	-1.76193092160160e+01	-4.82584448395758e+01
2.39883291901947e+04	-1.77672160247670e+01	-4.91694498772433e+01
2.45470891568501e+04	-1.79171772681981e+01	-5.00659330534941e+01
2.51188643150956e+04	-1.80691236242181e+01	-5.09479634971520e+01
2.57039578276884e+04	-1.82229872528709e+01	-5.18156232382346e+01
2.63026799189536e+04	-1.83787018360547e+01	-5.26690064572871e+01
2.69153480392689e+04	-1.85362026102186e+01	-5.35082187477915e+01
2.75422870333814e+04	-1.86954263924394e+01	-5.43333763938929e+01
2.81838293126443e+04	-1.88563116002864e+01	-5.51446056654023e+01
2.88403150312658e+04	-1.90187982658809e+01	-5.59420421317528e+01
2.95120922666636e+04	-1.91828280445556e+01	-5.67258299963307e+01
3.01995172040199e+04	-1.93483442185128e+01	-5.74961214523538e+01
3.09029543251356e+04	-1.95152916958720e+01	-5.82530760612441e+01
3.16227766016835e+04	-1.96836170054881e+01	-5.89968601542295e+01
3.23593656929625e+04	-1.98532682879094e+01	-5.97276462577139e+01
3.31131121482588e+04	-2.00241952828295e+01	-6.04456125427781e+01
3.38844156139199e+04	-2.01963493133770e+01	-6.11509422990116e+01
3.46736850452528e+04	-2.03696832675663e+01	-6.18438234327304e+01
3.54813389233572e+04	-2.05441515772211e+01	-6.25244479895034e+01
3.63078054770098e+04	-2.07197101946650e+01	-6.31930117007969e+01
3.71535229097169e+04	-2.08963165674542e+01	-6.38497135544419e+01
3.80189396320557e+04	-2.10739296114163e+01	-6.44947553885409e+01
3.89045144994277e+04	-2.12525096822370e+01	-6.51283415083537e+01
3.98107170553493e+04	-2.14320185458237e+01	-6.57506783256371e+01
4.07380277804108e+04	-2.16124193476593e+01	-6.63619740198559e+01
4.16869383470331e+04	-2.17936765813417e+01	-6.69624382206393e+01
4.26579518801588e+04	-2.19757560564913e+01	-6.75522817108201e+01
4.36515832240161e+04	-2.21586248661943e+01	-6.81317161493630e+01
4.46683592150958e+04	-2.23422513541355e+01	-6.87009538134715e+01
4.57088189614870e+04	-2.25266050815604e+01	-6.92602073591428e+01
4.67735141287193e+04	-2.27116567941955e+01	-6.98096895994357e+01
4.78630092322633e+04	-2.28973783892422e+01	-7.03496132997100e+01
4.89778819368441e+04	-2.30837428825493e+01	-7.08801909890985e+01
5.01187233627267e+04	-2.32707243760591e+01	-7.14016347874747e+01
5.12861383991359e+04	-2.34582980256107e+01	-7.19141562471922e+01
5.24807460249767e+04	-2.36464400091765e+01	-7.24179662088777e+01
5.37031796370247e+04	-2.38351274955980e+01	-7.29132746705778e+01
5.49540873857619e+04	-2.40243386138810e+01	-7.34002906695723e+01
5.62341325190343e+04	-2.42140524230999e+01	-7.38792221761872e+01
5.75439937337151e+04	-2.44042488829567e+01	-7.43502759989568e+01
5.88843655355583e+04	-2.45949088250337e+01	-7.48136577005065e+01
6.02559586074351e+04	-2.47860139247712e+01	-7.52695715235485e+01
6.16595001861475e+04	-2.49775466741988e+01	-7.57182203264030e+01
6.30957344480186e+04	-2.51694903554426e+01	-7.61598055274800e+01
6.45654229034648e+04	-2.53618290150270e+01	-7.65945270581805e+01
6.60693448007589e+04	-2.55545474389856e+01	-7.70225833236944e+01
6.76082975391974e+04	-2.57476311287915e+01	-7.74441711711979e+01
6.91830970918929e+04	-2.59410662781167e+01	-7.78594858649730e+01
7.07945784384130e+04	-2.61348397504237e+01	-7.82687210679932e+01
7.24435960074982e+04	-2.63289390573937e+01	-7.86720688295404e+01
7.41310241300909e+04	-2.65233523381902e+01	-7.90697195784391e+01
7.58577575029175e+04	-2.67180683395585e+01	-7.94618621215119e+01
7.76247116628683e+04	-2.69130763967563e+01	-7.98486836468818e+01
7.94328234724272e+04	-2.71083664153116e+01	-8.02303697317624e+01
8.12830516164090e+04	-2.73039288536026e+01	-8.06071043543969e+01
8.31763771102661e+04	-2.74997547062519e+01	-8.09790699098228e+01
8.51138038202367e+04	-2.76958354883280e+01	-8.13464472291538e+01
8.70963589956071e+04	-2.78921632203461e+01	-8.17094156020894e+01
8.91250938133735e+04	-2.80887304140581e+01	-8.20681528023723e+01
9.12010839355899e+04	-2.82855300590244e+01	-8.24228351159313e+01
9.33254300796980e+04	-2.84825556099566e+01	-8.27736373714576e+01
9.54992586021425e+04	-2.86798009748216e+01	-8.31207329731762e+01
9.77237220955799e+04	-2.88772605036986e+01	-8.34642939355839e+01
9.99999999999988e+04	-2.90749289783770e+01	-8.38044909199360e+01
1.02329299228074e+05	-2.92728016026878e+01	-8.41414932722744e+01
1.04712854805089e+05	-2.94708739935580e+01	-8.44754690627975e+01
1.07151930523759e+05	-2.96691421727778e+01	-8.48065851263797e+01
1.09647819614317e+05	-2.98676025594737e+01	-8.51350071040587e+01
1.12201845430195e+05	-3.00662519632768e+01	-8.54608994853097e+01
1.14815362149687e+05	-3.02650875781789e+01	-8.57844256509381e+01
1.17489755493952e+05	-3.04641069770680e+01	-8.61057479164216e+01
1.20226443461740e+05	-3.06633081069357e+01	-8.64250275755393e+01
1.23026877081237e+05	-3.08626892847493e+01	-8.67424249441307e+01
1.25892541179415e+05	-3.10622491939812e+01	-8.70580994038251e+01
1.28824955169312e+05	-3.12619868817897e+01	-8.73722094455916e+01
1.31825673855639e+05	-3.14619017568454e+01	-8.76849127129533e+01
1.34896288259164e+05	-3.16619935877959e+01	-8.79963660447168e+01
1.38038426460287e+05	-3.18622625023657e+01	-8.83067255170647e+01
1.41253754462274e+05	-3.20627089870846e+01	-8.86161464848583e+01
1.44543977074591e+05	-3.22633338876405e+01	-8.89247836219998e+01
1.47910838816819e+05	-3.24641384098523e+01	-8.92327909606954e+01
1.51356124843619e+05	-3.26651241212587e+01	-8.95403219294669e+01
1.54881661891246e+05	-3.28662929533186e+01	-8.98475293897463e+01
1.58489319246109e+05	-3.30676472042195e+01	-9.01545656708947e+01
1.62181009735891e+05	-3.32691895422900e+01	-9.04615826034726e+01
1.65958690743754e+05	-3.34709230100127e+01	-9.07687315505930e+01
1.69824365246172e+05	-3.36728510286335e+01	-9.10761634371750e+01
1.73780082874935e+05	-3.38749774033630e+01	-9.13840287769172e+01
1.77827941003890e+05	-3.40773063291667e+01	-9.16924776967978e+01
1.81970085860996e+05	-3.42798423971373e+01	-9.20016599589038e+01
1.86208713666284e+05	-3.44825906014462e+01	-9.23117249793856e+01
1.90546071796322e+05	-3.46855563468671e+01	-9.26228218443215e+01
1.94984459975802e+05	-3.48887454568649e+01	-9.29350993222720e+01
1.99526231496885e+05	-3.50921641822441e+01	-9.32487058732918e+01
2.04173794466950e+05	-3.52958192103460e+01	-9.35637896541611e+01
2.08929613085401e+05	-3.54997176747876e+01	-9.38804985195849e+01
2.13796208950220e+05	-3.57038671657284e+01	-9.41989800191026e+01
2.18776162394952e+05	-3.59082757406554e+01	-9.45193813894368e+01
2.23872113856831e+05	-3.61129519356697e+01	-9.48418495420035e+01
2.29086765276774e+05	-3.63179047772592e+01	-9.51665310452915e+01
2.34422881531989e+05	-3.65231437945390e+01	-9.54935721018123e+01
2.39883291901946e+05	-3.67286790319383e+01	-9.58231185193098e+01
2.45470891568500e+05	-3.69345210623098e+01	-9.61553156759092e+01
2.51188643150955e+05	-3.71406810004349e+01	-9.64903084788744e+01
2.57039578276883e+05	-3.73471705168952e+01	-9.68282413166375e+01
2.63026799189535e+05	-3.75540018522752e+01	-9.71692580037494e+01
2.69153480392688e+05	-3.77611878316610e+01	-9.75135017184005e+01
2.75422870333813e+05	-3.79687418793909e+01	-9.78611149321468e+01
2.81838293126442e+05	-3.81766780340131e+01	-9.82122393314771e+01
2.88403150312657e+05	-3.83850109633986e+01	-9.85670157308495e+01
2.95120922666635e+05	-3.85937559799537e+01	-9.89255839768256e+01
3.01995172040197e+05	-3.88029290558695e+01	-9.92880828429291e+01
3.09029543251355e+05	-3.90125468383404e+01	-9.96546499148591e+01
3.16227766016834e+05	-3.92226266646785e+01	-1.00025421465692e+02
3.23593656929624e+05	-3.94331865772419e+01	-1.00400532320716e+02
3.31131121482586e+05	-3.96442453380905e+01	-1.00780115711548e+02
3.38844156139198e+05	-3.98558224432736e+01	-1.01164303119207e+02
3.46736850452527e+05	-4.00679381366474e+01	-1.01553224105822e+02
3.54813389233570e+05	-4.02806134231114e+01	-1.01947006134699e+02
3.63078054770096e+05	-4.04938700811477e+01	-1.02345774378470e+02
3.71535229097167e+05	-4.07077306745342e+01	-1.02749651515108e+02
3.80189396320556e+05	-4.09222185630988e+01	-1.03158757511612e+02
3.89045144994275e+05	-4.11373579123719e+01	-1.03573209395231e+02
3.98107170553492e+05	-4.13531737019843e+01	-1.03993121012117e+02
4.07380277804107e+05	-4.15696917326535e+01	-1.04418602773400e+02
4.16869383470329e+05	-4.17869386315888e+01	-1.04849761388702e+02
4.26579518801586e+05	-4.20049418561406e+01	-1.05286699587209e+02
4.36515832240160e+05	-4.22237296955132e+01	-1.05729515826497e+02
4.46683592150957e+05	-4.24433312703491e+01	-1.06178303989379e+02
4.57088189614868e+05	-4.26637765299921e+01	-1.06633153069189e+02
4.67735141287191e+05	-4.28850962472284e+01	-1.07094146843957e+02
4.78630092322631e+05	-4.31073220103009e+01	-1.07561363540116e+02
4.89778819368439e+05	-4.33304862119909e+01	-1.08034875486450e+02
5.01187233627265e+05	-4.35546220355575e+01	-1.08514748759173e+02
5.12861383991357e+05	-4.37797634373289e+01	-1.09001042819125e+02
5.24807460249765e+05	-4.40059451257368e+01	-1.09493810142262e+02
5.37031796370245e+05	-4.42332025365959e+01	-1.09993095844740e+02
5.49540873857616e+05	-4.44615718044297e+01	-1.10498937304065e+02
5.62341325190341e+05	-4.46910897296594e+01	-1.11011363777952e+02
5.75439937337148e+05	-4.49217937414805e+01	-1.11530396022690e+02
5.88843655355580e+05	-4.51537218562666e+01	-1.12056045912991e+02
6.02559586074349e+05	-4.53869126313589e+01	-1.12588316065446e+02
6.16595001861473e+05	-4.56214051141208e+01	-1.13127199467916e+02
6.30957344480184e+05	-4.58572387861580e+01	-1.13672679117294e+02
6.45654229034646e+05	-4.60944535026372e+01	-1.14224727668264e+02
6.60693448007586e+05	-4.63330894266624e+01	-1.14783307095802e+02
6.76082975391971e+05	-4.65731869587064e+01	-1.15348368374305e+02
6.91830970918926e+05	-4.68147866611282e+01	-1.15919851176314e+02
7.07945784384127e+05	-4.70579291778540e+01	-1.16497683593924e+02
7.24435960074979e+05	-4.73026551493368e+01	-1.17081781886007e+02
7.41310241300906e+05	-4.75490051229612e+01	-1.17672050254419e+02
7.58577575029172e+05	-4.77970194591060e+01	-1.18268380652373e+02
7.76247116628680e+05	-4.80467382331307e+01	-1.18870652628142e+02
7.94328234724269e+05	-4.82982011335999e+01	-1.19478733207158e+02
8.12830516164087e+05	-4.85514473571180e+01	-1.20092476815513e+02
8.31763771102658e+05	-4.88065155001955e+01	-1.20711725247703e+02
8.51138038202363e+05	-4.90634434486213e+01	-1.21336307681269e+02
8.70963589956067e+05	-4.93222682648694e+01	-1.21966040740768e+02
8.91250938133732e+05	-4.95830260741110e+01	-1.22600728613237e+02
9.12010839355895e+05	-4.98457519494559e+01	-1.23240163216994e+02
9.33254300796976e+05	-5.01104797970810e+01	-1.23884124425262e+02
9.54992586021421e+05	-5.03772422419452e+01	-1.24532380345712e+02
9.77237220955795e+05	-5.06460705148184e+01	-1.25184687656589e+02
9.99999999999984e+05	-5.09169943413750e+01	-1.25840791999616e+02
1.02329299228074e+06	-5.11900418341199e+01	-1.26500428429394e+02
1.04712854805088e+06	-5.14652393879222e+01	-1.27163321918490e+02
1.07151930523759e+06	-5.17426115799316e+01	-1.27829187916883e+02
1.09647819614317e+06	-5.20221810746403e+01	-1.28497732963922e+02
1.12201845430195e+06	-5.23039685348364e+01	-1.29168655350385e+02
1.14815362149686e+06	-5.25879925391640e+01	-1.29841645827738e+02
1.17489755493951e+06	-5.28742695069670e+01	-1.30516388361158e+02
1.20226443461739e+06	-5.31628136310445e+01	-1.31192560922435e+02
1.23026877081236e+06	-5.34536368188913e+01	-1.31869836318370e+02
1.25892541179415e+06	-5.37467486429294e+01	-1.32547883049945e+02
1.28824955169311e+06	-5.40421563001648e+01	-1.33226366197126e+02
1.31825673855639e+06	-5.43398645816256e+01	-1.33904948323888e+02
1.34896288259163e+06	-5.46398758518519e+01	-1.34583290397815e+02
1.38038426460286e+06	-5.49421900386207e+01	-1.35261052718424e+02
1.41253754462273e+06	-5.52468046329960e+01	-1.35937895848290e+02
1.44543977074590e+06	-5.55537146997040e+01	-1.36613481540995e+02
1.47910838816818e+06	-5.58629128977383e+01	-1.37287473659959e+02
1.51356124843618e+06	-5.61743895110106e+01	-1.37959539082328e+02
1.54881661891246e+06	-5.64881324887721e+01	-1.38629348582269e+02
1.58489319246109e+06	-5.68041274954495e+01	-1.39296577688261e+02
1.62181009735890e+06	-5.71223579694569e+01	-1.39960907509269e+02
1.65958690743753e+06	-5.74428051904757e+01	-1.40622025525057e+02
1.69824365246172e+06	-5.77654483546286e+01	-1.41279626336304e+02
1.73780082874935e+06	-5.80902646569160e+01	-1.41933412370618e+02
1.77827941003889e+06	-5.84172293802382e+01	-1.42583094541044e+02
1.81970085860995e+06	-5.87463159902844e+01	-1.43228392854163e+02
1.86208713666284e+06	-5.90774962355448e+01	-1.43869036965400e+02
1.90546071796322e+06	-5.94107402516795e+01	-1.44504766679691e+02
1.94984459975801e+06	-5.97460166694690e+01	-1.45135332396204e+02
1.99526231496885e+06	-6.00832927255724e+01	-1.45760495496308e+02
2.04173794466950e+06	-6.04225343753232e+01	-1.46380028674531e+02
2.08929613085400e+06	-6.07637064068141e+01	-1.46993716212703e+02
2.13796208950220e+06	-6.11067725555406e+01	-1.47601354197966e+02
2.18776162394952e+06	-6.14516956189097e+01	-1.48202750685741e+02
2.23872113856830e+06	-6.17984375699486e+01	-1.48797725809167e+02
2.29086765276773e+06	-6.21469596695993e+01	-1.49386111836849e+02
2.34422881531988e+06	-6.24972225770199e+01	-1.49967753181084e+02
2.39883291901945e+06	-6.28491864573721e+01	-1.50542506359008e+02
2.45470891568499e+06	-6.32028110866170e+01	-1.51110239909311e+02
2.51188643150954e+06	-6.35580559528998e+01	-1.51670834267377e+02
2.57039578276882e+06	-6.39148803541526e+01	-1.52224181601846e+02
2.63026799189534e+06	-6.42732434916015e+01	-1.52770185615657e+02
2.69153480392687e+06	-6.46331045589118e+01	-1.53308761314754e+02
2.75422870333812e+06	-6.49944228267600e+01	-1.53839834747618e+02
2.81838293126441e+06	-6.53571577226676e+01	-1.54363342718788e+02
2.88403150312656e+06	-6.57212689059798e+01	-1.54879232479520e+02
2.95120922666634e+06	-6.60867163379135e+01	-1.55387461398636e+02
3.00000000000000e+06	-6.63477534916772e+01	-1.55744695437188e+02