time	                    V(out)
0.000000000000000e+00	0.000000e+00
9.999999960041972e-12	-1.661147e-07
1.999999992008394e-11	-4.398965e-07
3.999999984016789e-11	-1.423029e-06
7.999999968033578e-11	-5.065001e-06
1.599999993606716e-10	-1.810838e-05
3.199999987213431e-10	-5.972289e-05
6.010192180791920e-10	-1.555106e-04
6.998721333569135e-10	-1.943399e-04
8.022941694445570e-10	-2.370867e-04
1.000000000000000e-09	-3.196117e-04
1.059311749166633e-09	-3.402361e-04
1.138394081388810e-09	-3.600187e-04
1.296558745833165e-09	-3.784026e-04
1.612888074721874e-09	-3.705091e-04
1.904009662957404e-09	-3.299644e-04
2.290613480864154e-09	-2.499936e-04
2.671946435370968e-09	-1.669168e-04
3.235869728764146e-09	-5.580784e-05
3.915369691922051e-09	4.903688e-05
5.274369618237861e-09	2.012692e-04
6.515654522221602e-09	3.073002e-04
7.858270366821147e-09	4.050993e-04
9.414804474162303e-09	5.149320e-04
7.224984038349963e-07	5.060419e-02
1.435582003195830e-06	1.005039e-01
2.148665602556665e-06	1.502141e-01
2.861749201917499e-06	1.997348e-01
3.574832801278332e-06	2.490659e-01
4.287916400639167e-06	2.982075e-01
5.000999999999999e-06	3.471596e-01
5.001084585323481e-06	3.471757e-01
5.001253755970445e-06	3.472232e-01
5.001592097264373e-06	3.473566e-01
5.002000000000000e-06	3.475448e-01
5.002040790273563e-06	3.475617e-01
5.002122370820688e-06	3.475895e-01
5.002285531914938e-06	3.476227e-01
5.002611854103440e-06	3.476330e-01
5.003264498480442e-06	3.475724e-01
5.004569787234447e-06	3.474366e-01
5.007180364742457e-06	3.473191e-01
5.012401519758477e-06	3.472827e-01
5.022843829790516e-06	3.472669e-01
5.043728449854596e-06	3.472266e-01
5.085497689982754e-06	3.471485e-01
5.169036170239071e-06	3.469915e-01
1.736565428766134e-05	3.252759e-01
2.956227240508362e-05	3.048937e-01
4.175889052250589e-05	2.858451e-01
5.395550863992816e-05	2.681301e-01
6.615212675735044e-05	2.517486e-01
7.834874487477272e-05	2.367006e-01
9.054536299219496e-05	2.229862e-01
1.618747163395889e-04	1.539109e-01
2.404249508367239e-04	1.002010e-01
3.132304536764425e-04	6.687784e-02
3.831705059362994e-04	4.550814e-02
4.528545921498532e-04	3.108156e-02
5.236836426807390e-04	2.110072e-02
5.944974189517126e-04	1.431634e-02
6.654273999399477e-04	9.706054e-03
7.360670441628057e-04	6.590718e-03
8.068610507134571e-04	4.472178e-03
8.775402771266760e-04	3.036376e-03
9.483427943650863e-04	2.060230e-03
1.019047244475864e-03	1.398577e-03
1.089829161081669e-03	9.490519e-04
1.160543915823234e-03	6.442288e-04
1.231313884871405e-03	4.371908e-04
1.302040278564570e-03	2.967531e-04
1.372800277285984e-03	2.016141e-04
1.446056609730001e-03	1.360517e-04
1.534882189116488e-03	8.491121e-05
1.764156966285448e-03	2.549965e-05
2.450491349559044e-03	8.133010e-07
2.976293310009460e-03	5.084852e-08
4.027897230910290e-03	2.575496e-06
4.027898230910290e-03	1.997454e-06
4.027900230910290e-03	5.602146e-07
4.027904230910290e-03	3.899990e-09
9.146738543542124e-03	-8.683455e-15
1.000000000000000e-02	-1.738782e-14
