# Photodiode spectrum recorded on Tue May  7 15:25:29 2024
# Acquisition time [s]: 79.84 s 
0.00000
0.00000
0.00000
0.00000
0.00000
0.00000
0.00000
0.00000
0.00000
0.00000
0.00000
0.00000
0.00000
0.00000
0.00000
0.00000
0.00000
0.00000
0.00000
0.00000
0.00000
0.00000
0.00000
0.00000
0.00000
0.00000
0.00000
0.00000
0.00000
0.00000
0.00000
0.00000
0.00000
0.00000
0.00000
0.00000
0.00000
0.00000
0.00000
0.00000
0.00000
0.00000
0.00000
0.00000
0.00000
0.00000
0.00000
0.00000
0.00000
0.00000
0.00000
0.00000
0.00000
0.00000
0.00000
0.00000
0.00000
0.00000
0.00000
0.00000
0.00000
0.00000
33.00000
126.00000
125.00000
64.00000
71.00000
49.00000
37.00000
43.00000
24.00000
33.00000
29.00000
33.00000
28.00000
24.00000
29.00000
24.00000
30.00000
31.00000
37.00000
26.00000
32.00000
36.00000
27.00000
25.00000
48.00000
35.00000
35.00000
33.00000
31.00000
40.00000
30.00000
27.00000
40.00000
38.00000
30.00000
38.00000
35.00000
44.00000
41.00000
49.00000
56.00000
54.00000
53.00000
53.00000
66.00000
81.00000
62.00000
67.00000
75.00000
74.00000
97.00000
107.00000
91.00000
95.00000
125.00000
118.00000
147.00000
127.00000
133.00000
163.00000
167.00000
158.00000
188.00000
181.00000
202.00000
184.00000
198.00000
183.00000
190.00000
203.00000
192.00000
175.00000
191.00000
195.00000
175.00000
170.00000
186.00000
185.00000
187.00000
177.00000
168.00000
196.00000
198.00000
161.00000
167.00000
182.00000
175.00000
169.00000
210.00000
176.00000
182.00000
181.00000
172.00000
194.00000
186.00000
185.00000
190.00000
220.00000
236.00000
208.00000
188.00000
173.00000
167.00000
188.00000
173.00000
181.00000
156.00000
156.00000
150.00000
189.00000
145.00000
135.00000
157.00000
137.00000
122.00000
129.00000
124.00000
123.00000
119.00000
106.00000
100.00000
81.00000
84.00000
72.00000
88.00000
71.00000
70.00000
70.00000
69.00000
55.00000
49.00000
50.00000
63.00000
59.00000
55.00000
49.00000
31.00000
48.00000
36.00000
33.00000
39.00000
43.00000
47.00000
38.00000
25.00000
23.00000
25.00000
20.00000
24.00000
28.00000
21.00000
15.00000
21.00000
23.00000
17.00000
10.00000
12.00000
16.00000
10.00000
22.00000
19.00000
11.00000
6.00000
11.00000
9.00000
12.00000
13.00000
11.00000
9.00000
15.00000
14.00000
12.00000
15.00000
10.00000
14.00000
10.00000
7.00000
12.00000
14.00000
14.00000
10.00000
9.00000
13.00000
14.00000
8.00000
10.00000
4.00000
10.00000
15.00000
8.00000
9.00000
7.00000
7.00000
5.00000
4.00000
3.00000
5.00000
7.00000
4.00000
2.00000
2.00000
2.00000
6.00000
0.00000
3.00000
4.00000
3.00000
2.00000
2.00000
3.00000
3.00000
1.00000
0.00000
1.00000
2.00000
1.00000
1.00000
0.00000
0.00000
3.00000
1.00000
0.00000
1.00000
3.00000
2.00000
0.00000
1.00000
2.00000
3.00000
1.00000
2.00000
1.00000
3.00000
1.00000
0.00000
0.00000
2.00000
1.00000
0.00000
0.00000
2.00000
1.00000
3.00000
0.00000
1.00000
4.00000
2.00000
0.00000
0.00000
1.00000
1.00000
1.00000
1.00000
0.00000
0.00000
0.00000
0.00000
1.00000
0.00000
0.00000
0.00000
0.00000
1.00000
0.00000
1.00000
0.00000
0.00000
1.00000
0.00000
0.00000
0.00000
0.00000
0.00000
0.00000
0.00000
0.00000
0.00000
1.00000
1.00000
0.00000
0.00000
1.00000
0.00000
0.00000
1.00000
0.00000
1.00000
2.00000
1.00000
1.00000
0.00000
1.00000
2.00000
1.00000
1.00000
0.00000
0.00000
0.00000
0.00000
0.00000
0.00000
0.00000
0.00000
0.00000
0.00000
0.00000
0.00000
2.00000
2.00000
0.00000
0.00000
0.00000
0.00000
0.00000
1.00000
0.00000
0.00000
0.00000
0.00000
0.00000
0.00000
0.00000
0.00000
0.00000
0.00000
0.00000
0.00000
0.00000
0.00000
0.00000
0.00000
0.00000
0.00000
0.00000
0.00000
0.00000
0.00000
1.00000
0.00000
0.00000
1.00000
3.00000
0.00000
0.00000
0.00000
1.00000
0.00000
0.00000
1.00000
1.00000
0.00000
2.00000
0.00000
0.00000
0.00000
0.00000
0.00000
0.00000
1.00000
0.00000
0.00000
0.00000
0.00000
1.00000
2.00000
0.00000
1.00000
0.00000
1.00000
0.00000
1.00000
2.00000
3.00000
0.00000
1.00000
0.00000
0.00000
2.00000
1.00000
0.00000
2.00000
2.00000
2.00000
2.00000
2.00000
1.00000
1.00000
3.00000
0.00000
0.00000
0.00000
1.00000
1.00000
0.00000
2.00000
1.00000
0.00000
0.00000
2.00000
0.00000
4.00000
1.00000
1.00000
3.00000
2.00000
2.00000
1.00000
3.00000
2.00000
1.00000
1.00000
1.00000
0.00000
0.00000
1.00000
1.00000
0.00000
1.00000
0.00000
2.00000
0.00000
0.00000
0.00000
1.00000
0.00000
2.00000
0.00000
1.00000
3.00000
2.00000
2.00000
1.00000
1.00000
1.00000
3.00000
0.00000
0.00000
0.00000
1.00000
3.00000
1.00000
1.00000
1.00000
0.00000
1.00000
1.00000
2.00000
0.00000
1.00000
2.00000
3.00000
1.00000
4.00000
3.00000
3.00000
3.00000
1.00000
8.00000
6.00000
2.00000
5.00000
11.00000
9.00000
10.00000
7.00000
8.00000
14.00000
10.00000
6.00000
9.00000
11.00000
14.00000
16.00000
12.00000
13.00000
14.00000
8.00000
15.00000
13.00000
12.00000
17.00000
20.00000
11.00000
9.00000
8.00000
11.00000
14.00000
7.00000
17.00000
18.00000
9.00000
6.00000
7.00000
9.00000
2.00000
9.00000
4.00000
6.00000
5.00000
2.00000
5.00000
3.00000
3.00000
0.00000
3.00000
0.00000
0.00000
2.00000
0.00000
1.00000
1.00000
1.00000
0.00000
0.00000
0.00000
0.00000
0.00000
0.00000
1.00000
0.00000
0.00000
0.00000
0.00000
0.00000
0.00000
0.00000
0.00000
0.00000
0.00000
0.00000
0.00000
0.00000
0.00000
0.00000
0.00000
0.00000
0.00000
0.00000
0.00000
0.00000
0.00000
0.00000
0.00000
0.00000
0.00000
0.00000
0.00000
0.00000
0.00000
0.00000
0.00000
0.00000
0.00000
0.00000
0.00000
0.00000
0.00000
0.00000
0.00000
0.00000
0.00000
0.00000
0.00000
0.00000
0.00000
0.00000
0.00000
0.00000
0.00000
0.00000
0.00000
0.00000
0.00000
0.00000
0.00000
0.00000
0.00000
0.00000
0.00000
0.00000
0.00000
0.00000
0.00000
0.00000
0.00000
0.00000
0.00000
0.00000
0.00000
0.00000
0.00000
0.00000
0.00000
0.00000
0.00000
0.00000
0.00000
0.00000
0.00000
0.00000
0.00000
0.00000
0.00000
0.00000
0.00000
0.00000
0.00000
0.00000
0.00000
0.00000
0.00000
0.00000
0.00000
0.00000
0.00000
0.00000
0.00000
0.00000
0.00000
0.00000
0.00000
0.00000
0.00000
0.00000
0.00000
0.00000
0.00000
0.00000
0.00000
0.00000
0.00000
0.00000
0.00000
0.00000
0.00000
0.00000
0.00000
0.00000
0.00000
0.00000
0.00000
0.00000
0.00000
0.00000
0.00000
0.00000
0.00000
0.00000
0.00000
0.00000
0.00000
0.00000
0.00000
0.00000
0.00000
0.00000
0.00000
0.00000
0.00000
0.00000
0.00000
0.00000
0.00000
0.00000
0.00000
0.00000
0.00000
0.00000
0.00000
0.00000
0.00000
0.00000
0.00000
0.00000
0.00000
0.00000
0.00000
0.00000
0.00000
0.00000
0.00000
0.00000
0.00000
0.00000
0.00000
0.00000
0.00000
0.00000
0.00000
0.00000
0.00000
0.00000
0.00000
0.00000
0.00000
0.00000
0.00000
0.00000
0.00000
0.00000
0.00000
0.00000
0.00000
0.00000
0.00000
0.00000
0.00000
0.00000
0.00000
0.00000
0.00000
0.00000
0.00000
0.00000
0.00000
0.00000
0.00000
0.00000
0.00000
0.00000
0.00000
0.00000
0.00000
0.00000
0.00000
0.00000
0.00000
0.00000
0.00000
0.00000
0.00000
0.00000
0.00000
0.00000
0.00000
0.00000
0.00000
0.00000
0.00000
0.00000
0.00000
0.00000
0.00000
0.00000
0.00000
0.00000
0.00000
0.00000
0.00000
0.00000
0.00000
0.00000
0.00000
0.00000
0.00000
0.00000
0.00000
0.00000
0.00000
0.00000
0.00000
0.00000
0.00000
0.00000
0.00000
0.00000
0.00000
0.00000
0.00000
0.00000
0.00000
0.00000
0.00000
0.00000
0.00000
0.00000
0.00000
0.00000
0.00000
0.00000
0.00000
0.00000
0.00000
0.00000
0.00000
0.00000
0.00000
0.00000
0.00000
0.00000
0.00000
0.00000
0.00000
0.00000
0.00000
0.00000
0.00000
0.00000
0.00000
0.00000
0.00000
0.00000
0.00000
0.00000
0.00000
0.00000
0.00000
0.00000
0.00000
0.00000
0.00000
0.00000
0.00000
0.00000
0.00000
0.00000
0.00000
0.00000
0.00000
0.00000
0.00000
0.00000
0.00000
0.00000
0.00000
0.00000
0.00000
0.00000
0.00000
0.00000
0.00000
0.00000
0.00000
0.00000
0.00000
0.00000
0.00000
0.00000
0.00000
0.00000
0.00000
0.00000
0.00000
0.00000
0.00000
0.00000
0.00000
0.00000
0.00000
0.00000
0.00000
0.00000
0.00000
0.00000
0.00000
0.00000
0.00000
0.00000
0.00000
0.00000
0.00000
0.00000
0.00000
0.00000
0.00000
0.00000
0.00000
0.00000
0.00000
0.00000
0.00000
0.00000
0.00000
0.00000
0.00000
0.00000
0.00000
0.00000
0.00000
0.00000
0.00000
0.00000
0.00000
0.00000
0.00000
0.00000
0.00000
0.00000
0.00000
0.00000
0.00000
0.00000
0.00000
0.00000
0.00000
0.00000
0.00000
0.00000
0.00000
0.00000
0.00000
0.00000
0.00000
0.00000
0.00000
0.00000
0.00000
0.00000
0.00000
0.00000
0.00000
0.00000
0.00000
0.00000
0.00000
0.00000
0.00000
0.00000
0.00000
0.00000
0.00000
0.00000
0.00000
0.00000
0.00000
0.00000
0.00000
0.00000
0.00000
0.00000
0.00000
0.00000
0.00000
0.00000
0.00000
0.00000
0.00000
0.00000
0.00000
0.00000
0.00000
0.00000
0.00000
0.00000
0.00000
0.00000
0.00000
0.00000
0.00000
0.00000
0.00000
0.00000
0.00000
0.00000
0.00000
0.00000
0.00000
0.00000
0.00000
0.00000
0.00000
0.00000
