time	                 Vout
0.000000000000000e+00	0.000000e+00
1.000000000000000e-09	0.000000e+00
1.063999999744269e-09	1.661239e-13
1.191999999232806e-09	5.042014e-13
5.455668423804450e-07	1.432792e-09
1.089941684761657e-06	2.945217e-09
1.634316527142870e-06	4.537780e-09
2.178691369524082e-06	6.210480e-09
2.723066211905294e-06	7.963317e-09
3.267441054286506e-06	9.796292e-09
3.811815896667717e-06	1.170940e-08
5.344706651863790e-06	1.854806e-08
6.557901303389198e-06	2.676486e-08
7.569709669156038e-06	3.802077e-08
8.483464460233506e-06	5.523571e-08
9.348703910541335e-06	8.317065e-08
1.018521482014763e-05	1.306823e-07
1.107761275464906e-05	2.194748e-07
1.189453069393206e-05	3.633596e-07
1.273219915093219e-05	6.217139e-07
1.352494682005156e-05	1.048284e-06
1.433140522441077e-05	1.799077e-06
1.511401404312237e-05	3.056748e-06
1.590672921609501e-05	5.246001e-06
1.668707988334477e-05	8.945937e-06
1.747506658320431e-05	1.534395e-05
1.825746692198394e-05	2.621272e-05
1.904682477715649e-05	4.492899e-05
1.983638621631827e-05	7.681273e-05
2.063586297134248e-05	1.315658e-04
2.144484740873004e-05	2.249949e-04
2.227553179093265e-05	3.853380e-04
2.313797728642519e-05	6.602556e-04
2.405677685436726e-05	1.136679e-03
2.506551791189530e-05	1.972717e-03
2.622000076343361e-05	3.476114e-03
2.762260052059441e-05	6.306058e-03
2.944398144009565e-05	1.196163e-02
3.202152939720733e-05	2.388592e-02
3.512496281422298e-05	4.472077e-02
3.955651413428529e-05	8.680600e-02
4.615863364887269e-05	1.732646e-01
5.711066449011216e-05	3.592277e-01
6.862013380128276e-05	5.966048e-01
8.481124689904896e-05	9.756632e-01
1.037028878491347e-04	1.442745e+00
1.226078405461846e-04	1.907645e+00
1.470975198990670e-04	2.469907e+00
1.762639520306533e-04	3.047632e+00
2.107116608101224e-04	3.603284e+00
2.258039670579431e-04	3.787198e+00
2.445402786181273e-04	3.945959e+00
2.629706779019009e-04	4.049595e+00
2.767604688396943e-04	4.094407e+00
2.835837754349415e-04	4.105333e+00
2.905756004564155e-04	4.110055e+00
2.972760455416475e-04	4.111858e+00
3.011759006607249e-04	4.112126e+00
3.040773720293971e-04	4.112085e+00
3.070188111764669e-04	4.111963e+00
3.103002132182992e-04	4.111784e+00
3.141677752589138e-04	4.111547e+00
3.191131413777521e-04	4.111227e+00
3.260451215213933e-04	4.110767e+00
3.372238130318695e-04	4.110023e+00
3.595811960528219e-04	4.108533e+00
4.042959620947267e-04	4.105554e+00
4.937254941785363e-04	4.099602e+00
5.863160036075618e-04	4.093447e+00
6.398942971247941e-04	4.089889e+00
6.744419420113972e-04	4.087596e+00
6.987572555987673e-04	4.085984e+00
7.166469778872687e-04	4.084798e+00
7.331708567808583e-04	4.083703e+00
7.484614228197716e-04	4.082690e+00
7.644287526050025e-04	4.081633e+00
7.884815659464926e-04	4.080040e+00
8.274247401256721e-04	4.077463e+00
8.891753701166160e-04	4.073381e+00
9.808949899658425e-04	4.067325e+00
1.078541442296856e-03	4.060885e+00
1.135202337692778e-03	4.057153e+00
1.169295630077441e-03	4.055116e+00
1.193288962748791e-03	4.054308e+00
1.199535638671849e-03	4.054818e+00
1.204671793202778e-03	4.056481e+00
1.209488818767837e-03	4.059677e+00
1.214072523157633e-03	4.064704e+00
1.219883955372256e-03	4.073758e+00
1.225730208244362e-03	4.085389e+00
1.233500109935804e-03	4.103270e+00
1.245684933761515e-03	4.132010e+00
1.255128088947960e-03	4.152076e+00
1.263208298397424e-03	4.165681e+00
1.270273903787296e-03	4.174134e+00
1.276354737359009e-03	4.178805e+00
1.281661462761105e-03	4.181092e+00
1.287758987426627e-03	4.182285e+00
1.293981924408787e-03	4.182644e+00
1.298075720615349e-03	4.182581e+00
1.302157795029271e-03	4.182386e+00
1.305974126015544e-03	4.182160e+00
1.310622414334841e-03	4.181859e+00
1.316642961515403e-03	4.181457e+00
1.325416606194286e-03	4.180864e+00
1.340375414846469e-03	4.179850e+00
1.370293032150833e-03	4.177822e+00
1.430128266759561e-03	4.173769e+00
1.535644990116333e-03	4.166630e+00
1.610361629465048e-03	4.161581e+00
1.654905363504780e-03	4.158573e+00
1.684827039512122e-03	4.156555e+00
1.706331122691772e-03	4.155105e+00
1.722320261030045e-03	4.154027e+00
1.740020155488381e-03	4.152834e+00
1.761287195397348e-03	4.151401e+00
1.783372579254504e-03	4.149914e+00
1.819187253230010e-03	4.147503e+00
1.876301996876400e-03	4.143663e+00
1.962588323778271e-03	4.137867e+00
2.074838109662607e-03	4.130337e+00
2.132992681239182e-03	4.126440e+00
2.169767688685465e-03	4.124057e+00
2.195220313726513e-03	4.122741e+00
2.203743626264824e-03	4.122866e+00
2.209774469429519e-03	4.123935e+00
2.215326875495771e-03	4.126340e+00
2.220666701816672e-03	4.130392e+00
2.226408079990531e-03	4.136717e+00
2.232382746211306e-03	4.145103e+00
2.239699321273044e-03	4.156728e+00
2.250649101207784e-03	4.174109e+00
2.258984668729907e-03	4.185702e+00
2.265770433604537e-03	4.192982e+00
2.271723165521623e-03	4.197416e+00
2.277247238991048e-03	4.199985e+00
2.282536325890208e-03	4.201298e+00
2.288223901336366e-03	4.201877e+00
2.292708882645425e-03	4.201946e+00
2.296999840737863e-03	4.201812e+00
2.301274371270060e-03	4.201591e+00
2.305476346415653e-03	4.201333e+00
2.310552952340312e-03	4.200999e+00
2.317231637395307e-03	4.200549e+00
2.327245112897247e-03	4.199868e+00
2.345286504198580e-03	4.198639e+00
2.381369286801246e-03	4.196182e+00
2.453534852006577e-03	4.191273e+00
2.564303140770635e-03	4.183746e+00
2.626788303603530e-03	4.179505e+00
2.665621637952454e-03	4.176873e+00
2.692413600934576e-03	4.175057e+00
2.711928764935573e-03	4.173735e+00
2.727319428082101e-03	4.172693e+00
2.746415853877856e-03	4.171401e+00
2.763668277120442e-03	4.170233e+00
2.787245130070993e-03	4.168638e+00
2.825433310565203e-03	4.166056e+00
2.886074215738352e-03	4.161960e+00
2.976529550616528e-03	4.155858e+00
3.075812848031560e-03	4.149168e+00
3.133572752410793e-03	4.145280e+00
3.170158045126993e-03	4.142878e+00
3.195665512356578e-03	4.141488e+00
3.205084556933192e-03	4.141518e+00
3.211425508450177e-03	4.142471e+00
3.217256844690332e-03	4.144728e+00
3.222841618943009e-03	4.148551e+00
3.228620246996147e-03	4.154290e+00
3.234667739061734e-03	4.161880e+00
3.241978548768603e-03	4.172098e+00
3.252940164921423e-03	4.187180e+00
3.260019776353265e-03	4.195600e+00
3.271983100221620e-03	4.204915e+00
3.277411835019767e-03	4.207047e+00
3.282751599776703e-03	4.208138e+00
3.288385010659348e-03	4.208574e+00
3.292738334838567e-03	4.208587e+00
3.297036804584015e-03	4.208429e+00
3.301319353092187e-03	4.208197e+00
3.305622561686053e-03	4.207927e+00
3.310863749369577e-03	4.207580e+00
3.317826102339017e-03	4.207109e+00
3.328412262683217e-03	4.206388e+00
3.348000314450243e-03	4.205051e+00
3.387176417984294e-03	4.202380e+00
3.465528625052397e-03	4.197042e+00
3.578192082937352e-03	4.189376e+00
3.634993209046575e-03	4.185516e+00
3.671115889347019e-03	4.183063e+00
3.696355073507555e-03	4.181350e+00
3.714856506008966e-03	4.180095e+00
3.730961333238596e-03	4.179003e+00
3.746538594609121e-03	4.177947e+00
3.763713916479226e-03	4.176783e+00
3.787319339462926e-03	4.175183e+00
3.825552873700253e-03	4.172595e+00
3.886260608837697e-03	4.168488e+00
3.976792746848621e-03	4.162370e+00
4.075978737170801e-03	4.155676e+00
4.133671580999430e-03	4.151787e+00
4.170224597603260e-03	4.149376e+00
4.195713391519725e-03	4.147954e+00
4.205301411473720e-03	4.147922e+00
4.211670143952653e-03	4.148767e+00
4.217525084302524e-03	4.150866e+00
4.223437938308748e-03	4.154677e+00
4.229206296438998e-03	4.160120e+00
4.235270931833408e-03	4.167379e+00
4.242503151722796e-03	4.177003e+00
4.253296494121047e-03	4.191123e+00
4.260144546987304e-03	4.198863e+00
4.271928592666956e-03	4.207589e+00
4.277329182894510e-03	4.209610e+00
4.282677572004909e-03	4.210645e+00
4.288297053601817e-03	4.211050e+00
4.292588919616111e-03	4.211051e+00
4.296852800797332e-03	4.210891e+00
4.301101501684668e-03	4.210660e+00
4.305358385922658e-03	4.210392e+00
4.310524106129438e-03	4.210050e+00
4.317338383086114e-03	4.209589e+00
4.327605385938147e-03	4.208889e+00
4.346296590640022e-03	4.207613e+00
4.383679000043770e-03	4.205062e+00
4.458443818851267e-03	4.199965e+00
4.570054183246222e-03	4.192366e+00
4.630160948347914e-03	4.188278e+00
4.667868759779847e-03	4.185717e+00
4.694021548981061e-03	4.183940e+00
4.713121609896190e-03	4.182644e+00
4.728803834847622e-03	4.181580e+00
4.744902641305502e-03	4.180488e+00
4.763105486705096e-03	4.179253e+00
4.786329978147005e-03	4.177679e+00
4.823958443879846e-03	4.175129e+00
4.883772863640167e-03	4.171080e+00
4.973271433906456e-03	4.165029e+00
5.073743747908840e-03	4.158244e+00
5.132342692426799e-03	4.154291e+00
5.169330832651827e-03	4.151840e+00
5.195022155055952e-03	4.150409e+00
5.205934273418219e-03	4.150393e+00
5.212496371044605e-03	4.151337e+00
5.218548450024912e-03	4.153616e+00
5.224086077624709e-03	4.157284e+00
5.229908939867917e-03	4.162832e+00
5.236000612545847e-03	4.170087e+00
5.243401686494739e-03	4.179762e+00
5.254574817631915e-03	4.193933e+00
5.261061504375933e-03	4.200931e+00
5.267035610134219e-03	4.205789e+00
5.272584668789642e-03	4.208908e+00
5.277951064618538e-03	4.210722e+00
5.283947047586938e-03	4.211716e+00
5.289410819978311e-03	4.212008e+00
5.293452106074327e-03	4.211963e+00
5.297614284908864e-03	4.211784e+00
5.301764540465430e-03	4.211549e+00
5.306088060569906e-03	4.211274e+00
5.311408235458955e-03	4.210919e+00
5.318532049160260e-03	4.210436e+00
5.329471270988642e-03	4.209690e+00
5.350116859140263e-03	4.208280e+00
5.391408035443505e-03	4.205462e+00
5.473990388049990e-03	4.199832e+00
5.574202854203375e-03	4.193008e+00
5.632615213005420e-03	4.189035e+00
5.669513922144960e-03	4.186527e+00
5.695202370399698e-03	4.184783e+00
5.713998957987804e-03	4.183506e+00
5.729895106931440e-03	4.182428e+00
5.745146036230052e-03	4.181393e+00
5.763196026861889e-03	4.180169e+00
5.786477212299895e-03	4.178590e+00
5.824195778688217e-03	4.176034e+00
5.884143457739289e-03	4.171975e+00
5.973797156339948e-03	4.165912e+00
6.074079604716654e-03	4.159138e+00
6.132542030441757e-03	4.155194e+00
6.169464745297756e-03	4.152744e+00
6.194906273668836e-03	4.151321e+00
6.205925141532505e-03	4.151285e+00
6.212432472130892e-03	4.152187e+00
6.218444289895807e-03	4.154402e+00
6.224089202545888e-03	4.158080e+00
6.229899645392551e-03	4.163547e+00
6.235985284756183e-03	4.170727e+00
6.243341819012515e-03	4.180274e+00
6.254389691046349e-03	4.194219e+00
6.260877786113189e-03	4.201209e+00
6.272417112842960e-03	4.209227e+00
6.277782435056049e-03	4.211059e+00
6.283789278031429e-03	4.212070e+00
6.289228160850239e-03	4.212372e+00
6.293240944617981e-03	4.212331e+00
6.297364680012168e-03	4.212158e+00
6.301476182594756e-03	4.211926e+00
6.305714635486958e-03	4.211658e+00
6.310892595332948e-03	4.211314e+00
6.317747604754664e-03	4.210849e+00
6.328112760224384e-03	4.210142e+00
6.347131618991366e-03	4.208843e+00
6.385169336525330e-03	4.206247e+00
6.461244771593257e-03	4.201060e+00
6.573294475437017e-03	4.193429e+00
6.632076234939530e-03	4.189430e+00
6.669151915751175e-03	4.186910e+00
6.694942279769334e-03	4.185158e+00
6.713805613222401e-03	4.183877e+00
6.729654656328591e-03	4.182801e+00
6.745092388172000e-03	4.181754e+00
6.763176071016919e-03	4.180527e+00
6.786444760830352e-03	4.178949e+00
6.824143470051868e-03	4.176394e+00
6.884061787306912e-03	4.172337e+00
6.973681333926256e-03	4.166276e+00
7.074005678993709e-03	4.159498e+00
7.132498143240458e-03	4.155552e+00
7.169435257745485e-03	4.153099e+00
7.194739714972772e-03	4.151626e+00
7.204619212449649e-03	4.151478e+00
7.210966748375483e-03	4.152125e+00
7.216784063926550e-03	4.153947e+00
7.223293531118044e-03	4.157775e+00
7.228938266339263e-03	4.162775e+00
7.235044843110104e-03	4.169771e+00
7.242011978575504e-03	4.178750e+00
7.252247130754715e-03	4.191880e+00
7.259486877317953e-03	4.200010e+00
7.265708961555296e-03	4.205431e+00
7.271381910140068e-03	4.208904e+00
7.276780860751511e-03	4.210973e+00
7.282075877953636e-03	4.212044e+00
7.287682344401318e-03	4.212484e+00
7.291987653559785e-03	4.212505e+00
7.296204750542281e-03	4.212357e+00
7.300407839630880e-03	4.212134e+00
7.304490265539755e-03	4.211881e+00
7.309362981740381e-03	4.211560e+00
7.315631708913179e-03	4.211136e+00
7.324777538775149e-03	4.210513e+00
7.340479992480344e-03	4.209441e+00
7.371884899890734e-03	4.207297e+00
7.434694714711513e-03	4.203012e+00
7.541393578366477e-03	4.195743e+00
7.613621545330989e-03	4.190827e+00
7.657001786105717e-03	4.187878e+00
7.686300288883888e-03	4.185887e+00
7.707414073228499e-03	4.184453e+00
7.723134713036924e-03	4.183386e+00
7.741008869839193e-03	4.182173e+00
7.761655786418650e-03	4.180772e+00
7.783972161577337e-03	4.179259e+00
7.820155164401378e-03	4.176806e+00
7.877820719053828e-03	4.172901e+00
7.964773002561211e-03	4.167020e+00
8.077333328513493e-03	4.159416e+00
8.134479759121941e-03	4.155560e+00
8.170769339370186e-03	4.153157e+00
8.195509970909773e-03	4.151731e+00
8.204718251854003e-03	4.151602e+00
8.210855463013424e-03	4.152216e+00
8.216502714037524e-03	4.153936e+00
8.222968339159639e-03	4.157641e+00
8.228560002325205e-03	4.162495e+00
8.234660863469186e-03	4.169395e+00
8.241511648373017e-03	4.178186e+00
8.251453624339308e-03	4.190991e+00
8.259059236735707e-03	4.199638e+00
8.265373990093160e-03	4.205248e+00
8.271078940775719e-03	4.208818e+00
8.276488502080032e-03	4.210953e+00
8.281754766255839e-03	4.212062e+00
8.287362687266710e-03	4.212531e+00
8.291870613383061e-03	4.212565e+00
8.296090576531070e-03	4.212422e+00
8.300297094088509e-03	4.212200e+00
8.304341120678823e-03	4.211950e+00
8.309160654174043e-03	4.211633e+00
8.315334504119219e-03	4.211216e+00
8.324292436307140e-03	4.210606e+00
8.339513512632617e-03	4.209566e+00
8.369955665283570e-03	4.207488e+00
8.430839970585476e-03	4.203335e+00
8.536545863262359e-03	4.196132e+00
8.610871915293156e-03	4.191073e+00
8.655232536673947e-03	4.188057e+00
8.685056600571197e-03	4.186031e+00
8.706499734418975e-03	4.184575e+00
8.722447017542354e-03	4.183492e+00
8.740173948693402e-03	4.182289e+00
8.761344544520688e-03	4.180853e+00
8.783465870871260e-03	4.179352e+00
8.819337874270016e-03	4.176921e+00
8.876538434962394e-03	4.173047e+00
8.962928867642642e-03	4.167203e+00
9.075228267015146e-03	4.159616e+00
9.133224736801044e-03	4.155703e+00
9.169923793866540e-03	4.153268e+00
9.194959811090411e-03	4.151810e+00
9.204559929023129e-03	4.151660e+00
9.210809039542541e-03	4.152273e+00
9.216544587853941e-03	4.154009e+00
9.222918253598772e-03	4.157647e+00
9.228476235323604e-03	4.162458e+00
9.234585358986087e-03	4.169347e+00
9.241411653976692e-03	4.178096e+00
9.251296485683947e-03	4.190832e+00
9.258980125320032e-03	4.199585e+00
9.265312719221808e-03	4.205230e+00
9.271022867630326e-03	4.208817e+00
9.276434255463007e-03	4.210963e+00
9.281695713581862e-03	4.212079e+00
9.287304214232815e-03	4.212554e+00
9.291853025556653e-03	4.212590e+00
9.296073735954561e-03	4.212447e+00
9.300281126633048e-03	4.212225e+00
9.304318925014730e-03	4.211976e+00
9.309130353303382e-03	4.211659e+00
9.315289932443830e-03	4.211243e+00
9.324219824680454e-03	4.210635e+00
9.339369474411377e-03	4.209600e+00
9.369668773873224e-03	4.207532e+00
9.430267372796917e-03	4.203398e+00
9.535821212669082e-03	4.196206e+00
9.610461434857869e-03	4.191125e+00
9.654969325614063e-03	4.188099e+00
9.684871908065763e-03	4.186068e+00
9.706364074586221e-03	4.184608e+00
9.722345031647359e-03	4.183523e+00
9.740050207117910e-03	4.182322e+00
9.761298402036303e-03	4.180880e+00
9.783390809517874e-03	4.179382e+00
9.819216686890099e-03	4.176953e+00
9.876348203470452e-03	4.173084e+00
9.962654887919807e-03	4.167244e+00
1.000000000000000e-02	4.164719e+00
