time	                 Vout
0.000000000000000e+00	0.000000e+00
1.000000000000000e-09	0.000000e+00
1.063999999744269e-09	1.661239e-13
1.191999999232806e-09	5.042014e-13
5.455668490274247e-07	1.432785e-09
1.089941698055617e-06	2.945193e-09
1.634316547083809e-06	4.537728e-09
2.178691396112001e-06	6.210390e-09
2.723066245140193e-06	7.963178e-09
3.267441094168385e-06	9.796093e-09
3.811815943196576e-06	1.170913e-08
5.344699428530805e-06	1.854749e-08
6.557886702327652e-06	2.676388e-08
7.569689910422379e-06	3.801925e-08
8.483441341333035e-06	5.523342e-08
9.348678476066627e-06	8.316716e-08
1.018518768147533e-05	1.306768e-07
1.107758297845322e-05	2.194656e-07
1.189449964329966e-05	3.633444e-07
1.273216652114542e-05	6.216877e-07
1.352491350042781e-05	1.048240e-06
1.433137107096151e-05	1.799002e-06
1.511397956286228e-05	3.056620e-06
1.590669430319521e-05	5.245781e-06
1.668704481602751e-05	8.945563e-06
1.747503126973296e-05	1.534331e-05
1.825743150111688e-05	2.621163e-05
1.904678915110944e-05	4.492711e-05
1.983635041200216e-05	7.680953e-05
2.063582683556621e-05	1.315603e-04
2.144481081460670e-05	2.249855e-04
2.227549441597880e-05	3.853220e-04
2.313793871942438e-05	6.602280e-04
2.405673644434152e-05	1.136632e-03
2.506547494025918e-05	1.972634e-03
2.621995473778002e-05	3.475965e-03
2.762255261728423e-05	6.305790e-03
2.944393981788296e-05	1.196114e-02
3.202153195001543e-05	2.388507e-02
3.512495914981885e-05	4.471869e-02
3.955657234613956e-05	8.680152e-02
4.615888661702500e-05	1.732527e-01
5.710881231079988e-05	3.591512e-01
6.861762648327346e-05	5.964683e-01
8.480639525091631e-05	9.753829e-01
1.036972661267591e-04	1.442323e+00
1.226067530211925e-04	1.907197e+00
1.471024840078357e-04	2.469392e+00
1.762868921851995e-04	3.047240e+00
2.107032773128430e-04	3.602133e+00
2.257935253694247e-04	3.785928e+00
2.445273526011679e-04	3.944566e+00
2.629658687495603e-04	4.048031e+00
2.768695904556273e-04	4.092929e+00
2.837225022068923e-04	4.103696e+00
2.907211804861407e-04	4.108147e+00
2.974320165625106e-04	4.109661e+00
3.013623026875772e-04	4.109752e+00
3.042584041847092e-04	4.109576e+00
3.071968190487961e-04	4.109315e+00
3.104658661053308e-04	4.108983e+00
3.143114131162336e-04	4.108564e+00
3.192189919807547e-04	4.108013e+00
3.260778079419435e-04	4.107234e+00
3.370875170296908e-04	4.105978e+00
3.591069352051855e-04	4.103467e+00
4.031457715561748e-04	4.098450e+00
4.912234442581534e-04	4.088432e+00
5.848249491786355e-04	4.077807e+00
6.389886758798420e-04	4.071671e+00
6.738249014534856e-04	4.067729e+00
6.983107135877621e-04	4.064962e+00
7.163138069664125e-04	4.062928e+00
7.327708221392546e-04	4.061070e+00
7.479266705873669e-04	4.059360e+00
7.642299732968618e-04	4.057521e+00
7.881583957256562e-04	4.054824e+00
8.269043730285963e-04	4.050461e+00
8.883657276461146e-04	4.043550e+00
9.797580610820767e-04	4.033296e+00
1.077835391934148e-03	4.022314e+00
1.134779838950970e-03	4.015950e+00
1.163800761812783e-03	4.012772e+00
1.185275197832917e-03	4.010688e+00
1.192375027566063e-03	4.010459e+00
1.197323174589470e-03	4.011135e+00
1.201860187374016e-03	4.013109e+00
1.206628609891279e-03	4.017196e+00
1.211449943076837e-03	4.023824e+00
1.216952876804264e-03	4.034403e+00
1.223113921239011e-03	4.049392e+00
1.232117506432795e-03	4.074340e+00
1.245995929184803e-03	4.112967e+00
1.256330468201599e-03	4.138111e+00
1.264772785079352e-03	4.153691e+00
1.272260706467229e-03	4.163067e+00
1.278166176284955e-03	4.167516e+00
1.284102091039901e-03	4.169761e+00
1.290160325268462e-03	4.170583e+00
1.295998895811673e-03	4.170568e+00
1.299812829611543e-03	4.170302e+00
1.303700588734884e-03	4.169922e+00
1.307871948589079e-03	4.169470e+00
1.312941281206837e-03	4.168897e+00
1.319774340019853e-03	4.168110e+00
1.330209755860444e-03	4.166903e+00
1.349715754988336e-03	4.164645e+00
1.388727753244118e-03	4.160134e+00
1.466751749755684e-03	4.151127e+00
1.579577480352797e-03	4.138128e+00
1.635823361488641e-03	4.131660e+00
1.671676959789476e-03	4.127545e+00
1.696759459623966e-03	4.124668e+00
1.715157599055553e-03	4.122559e+00
1.731335598814880e-03	4.120706e+00
1.747203508957446e-03	4.118889e+00
1.763961133910835e-03	4.116971e+00
1.787721301535685e-03	4.114254e+00
1.826200410508655e-03	4.109857e+00
1.887269638030654e-03	4.102890e+00
1.978215744657310e-03	4.092535e+00
2.076872502768266e-03	4.081326e+00
2.134204583808160e-03	4.074825e+00
2.170583760321926e-03	4.070722e+00
2.185243292947436e-03	4.069233e+00
2.196545425060818e-03	4.068506e+00
2.200687352390130e-03	4.068673e+00
2.204820383145433e-03	4.069608e+00
2.209111125262045e-03	4.071739e+00
2.219754441700755e-03	4.083571e+00
2.225303311295743e-03	4.093210e+00
2.232433409549022e-03	4.108040e+00
2.242794445547332e-03	4.130914e+00
2.252274339580172e-03	4.150586e+00
2.260496691917065e-03	4.164731e+00
2.267850115338017e-03	4.174037e+00
2.274264877550137e-03	4.179387e+00
2.279678928946874e-03	4.181934e+00
2.286066090128941e-03	4.183243e+00
2.292172303003933e-03	4.183501e+00
2.296655895216981e-03	4.183285e+00
2.300401282297956e-03	4.182953e+00
2.304160723560216e-03	4.182562e+00
2.308487692645384e-03	4.182081e+00
2.313830179523984e-03	4.181469e+00
2.321175508662740e-03	4.180619e+00
2.332694331911191e-03	4.179282e+00
2.355413596040971e-03	4.176644e+00
2.400852124300530e-03	4.171376e+00
2.491729180819648e-03	4.160856e+00
2.585127210314722e-03	4.150067e+00
2.639172034550005e-03	4.143835e+00
2.673949742637120e-03	4.139831e+00
2.698401026471866e-03	4.137018e+00
2.716381178230416e-03	4.134951e+00
2.732851693280313e-03	4.133059e+00
2.747917291851341e-03	4.131328e+00
2.764226486891710e-03	4.129456e+00
2.788152727494136e-03	4.126711e+00
2.826895245194084e-03	4.122272e+00
2.888351521148871e-03	4.115239e+00
2.979738094137525e-03	4.104803e+00
3.077822964069883e-03	4.093625e+00
3.134772407364462e-03	4.087148e+00
3.170966816254293e-03	4.083047e+00
3.184711827477035e-03	4.081588e+00
3.195531241094130e-03	4.080687e+00
3.199454051012009e-03	4.080612e+00
3.203211344110064e-03	4.080973e+00
3.206908836511246e-03	4.082073e+00
3.212418533748249e-03	4.085337e+00
3.217355546394074e-03	4.090188e+00
3.223205555475574e-03	4.098443e+00
3.229114223381860e-03	4.109014e+00
3.237396770241887e-03	4.125800e+00
3.249282375257175e-03	4.149759e+00
3.258560765839945e-03	4.166008e+00
3.265931659867284e-03	4.175775e+00
3.272488519786057e-03	4.181649e+00
3.278026799162772e-03	4.184618e+00
3.283651911019716e-03	4.186088e+00
3.289550950900777e-03	4.186563e+00
3.294720058640358e-03	4.186439e+00
3.298333753905342e-03	4.186163e+00
3.302021179435056e-03	4.185799e+00
3.305962261978894e-03	4.185371e+00
3.310552018323428e-03	4.184851e+00
3.316509293192107e-03	4.184164e+00
3.325044292139996e-03	4.183174e+00
3.339479770148422e-03	4.181496e+00
3.368350726165274e-03	4.178144e+00
3.426092638198978e-03	4.171447e+00
3.530502582795451e-03	4.159361e+00
3.607451066308735e-03	4.150471e+00
3.653046221825544e-03	4.145213e+00
3.683525108956473e-03	4.141703e+00
3.705375800430688e-03	4.139188e+00
3.721602441949253e-03	4.137321e+00
3.739149825208325e-03	4.135304e+00
3.760962538391472e-03	4.132798e+00
3.782844432316640e-03	4.130286e+00
3.818334415961383e-03	4.126215e+00
3.874962542391987e-03	4.119728e+00
3.960656132181429e-03	4.109931e+00
4.072615996058024e-03	4.097160e+00
4.131674258236789e-03	4.090437e+00
4.168882188149952e-03	4.086214e+00
4.183230612758428e-03	4.084660e+00
4.194479624369701e-03	4.083634e+00
4.198511248625632e-03	4.083468e+00
4.202211715140117e-03	4.083662e+00
4.205824229229673e-03	4.084414e+00
4.210355476064655e-03	4.086467e+00
4.220642212076575e-03	4.096787e+00
4.226269543641973e-03	4.105756e+00
4.233337079897472e-03	4.119267e+00
4.242733922227111e-03	4.138426e+00
4.252569249337689e-03	4.157403e+00
4.260405250185715e-03	4.170001e+00
4.267675041667770e-03	4.178644e+00
4.273840593310329e-03	4.183506e+00
4.279384994218259e-03	4.186019e+00
4.284853097146130e-03	4.187155e+00
4.290651652037187e-03	4.187467e+00
4.294093660798895e-03	4.187354e+00
4.297773289791837e-03	4.187066e+00
4.301441684686948e-03	4.186710e+00
4.305047180609835e-03	4.186323e+00
4.309273129043583e-03	4.185847e+00
4.314517480089533e-03	4.185244e+00
4.321785543558197e-03	4.184401e+00
4.333201902257557e-03	4.183074e+00
4.355775988650005e-03	4.180451e+00
4.400924161434900e-03	4.175211e+00
4.491220507004691e-03	4.164750e+00
4.584823192353767e-03	4.153926e+00
4.638987610482722e-03	4.147675e+00
4.673824176202236e-03	4.143660e+00
4.698310188973333e-03	4.140841e+00
4.716313415634904e-03	4.138769e+00
4.732770352423484e-03	4.136877e+00
4.747926725064333e-03	4.135134e+00
4.764229993547848e-03	4.133261e+00
4.788158428649895e-03	4.130514e+00
4.826904426048043e-03	4.126069e+00
4.888365810164760e-03	4.119030e+00
4.979758177058586e-03	4.108583e+00
5.077835464117613e-03	4.097396e+00
5.134779882115604e-03	4.090914e+00
5.170971861700087e-03	4.086813e+00
5.186010620812710e-03	4.085238e+00
5.196888691692689e-03	4.084408e+00
5.200861369096087e-03	4.084425e+00
5.204943808117076e-03	4.085017e+00
5.208881668898522e-03	4.086500e+00
5.214410202575851e-03	4.090401e+00
5.219762473858969e-03	4.096313e+00
5.225437918659177e-03	4.104948e+00
5.231974094744409e-03	4.117103e+00
5.241156243820028e-03	4.135568e+00
5.253060687191432e-03	4.158317e+00
5.261477888671441e-03	4.171615e+00
5.268427667523438e-03	4.179537e+00
5.274570295176383e-03	4.184088e+00
5.279934869518866e-03	4.186309e+00
5.286166206334287e-03	4.187402e+00
5.291981793697551e-03	4.187576e+00
5.295918515519396e-03	4.187377e+00
5.299118050068967e-03	4.187099e+00
5.302345780075718e-03	4.186770e+00
5.305956906727177e-03	4.186375e+00
5.310102027974422e-03	4.185905e+00
5.315374765135922e-03	4.185298e+00
5.322621448985226e-03	4.184457e+00
5.334149112612061e-03	4.183117e+00
5.357204439865731e-03	4.180438e+00
5.403315094373072e-03	4.175086e+00
5.495536403387752e-03	4.164402e+00
5.587388678841694e-03	4.153782e+00
5.640547544568249e-03	4.147647e+00
5.674887714640892e-03	4.143689e+00
5.699080104475591e-03	4.140903e+00
5.716887954919495e-03	4.138855e+00
5.733460355137538e-03	4.136948e+00
5.749073960675716e-03	4.135153e+00
5.764656433368183e-03	4.133363e+00
5.788851706037739e-03	4.130585e+00
5.828020616543804e-03	4.126092e+00
5.890101884028563e-03	4.118981e+00
5.982193597412614e-03	4.108455e+00
6.079344129637525e-03	4.097374e+00
6.135683375232725e-03	4.090960e+00
6.162625302170060e-03	4.087903e+00
6.182965671784813e-03	4.085651e+00
6.192749867223928e-03	4.084733e+00
6.198814564299991e-03	4.084443e+00
6.202242209616527e-03	4.084605e+00
6.205914200970128e-03	4.085369e+00
6.210449071461783e-03	4.087407e+00
6.221333746424786e-03	4.098575e+00
6.226829171330398e-03	4.107411e+00
6.233969709160474e-03	4.121131e+00
6.243973072239875e-03	4.141409e+00
6.253367714850013e-03	4.159204e+00
6.261257846824688e-03	4.171508e+00
6.268324395044275e-03	4.179562e+00
6.274497844814245e-03	4.184168e+00
6.279874785984770e-03	4.186407e+00
6.286117478611553e-03	4.187513e+00
6.291874434797778e-03	4.187694e+00
6.295656618180156e-03	4.187509e+00
6.298663623751569e-03	4.187253e+00
6.301707303280731e-03	4.186946e+00
6.305072070805716e-03	4.186583e+00
6.308826155046524e-03	4.186160e+00
6.313478785983126e-03	4.185625e+00
6.319591483102662e-03	4.184917e+00
6.328700868721595e-03	4.183859e+00
6.344898973936877e-03	4.181976e+00
6.377295184367441e-03	4.178213e+00
6.442087605228570e-03	4.170700e+00
6.550539880031394e-03	4.158148e+00
6.618836119704451e-03	4.150259e+00
6.660386380071309e-03	4.145467e+00
6.688690134529995e-03	4.142207e+00
6.709175030146283e-03	4.139849e+00
6.724460695150794e-03	4.138091e+00
6.742621255062677e-03	4.136003e+00
6.762256424191222e-03	4.133746e+00
6.784949126765440e-03	4.131140e+00
6.821731641775389e-03	4.126920e+00
6.880290938080719e-03	4.120211e+00
6.968312386112774e-03	4.110147e+00
7.081336776978752e-03	4.097254e+00
7.136880850731202e-03	4.090930e+00
7.161889817621033e-03	4.088090e+00
7.181487950501078e-03	4.085900e+00
7.190940074072242e-03	4.084952e+00
7.197065853025965e-03	4.084527e+00
7.200234749425306e-03	4.084517e+00
7.203702517540698e-03	4.084886e+00
7.207405409434663e-03	4.086031e+00
7.213343582979754e-03	4.089660e+00
7.218456797621559e-03	4.094801e+00
7.224268186721308e-03	4.103134e+00
7.230380542920297e-03	4.114099e+00
7.238903123596307e-03	4.131059e+00
7.251900564493156e-03	4.156241e+00
7.260321223794827e-03	4.170042e+00
7.273563801864604e-03	4.183479e+00
7.279008144442785e-03	4.186032e+00
7.284603265657480e-03	4.187245e+00
7.290496608112922e-03	4.187582e+00
7.294622740513798e-03	4.187446e+00
7.297656368478642e-03	4.187211e+00
7.300763045688516e-03	4.186910e+00
7.304075616379265e-03	4.186558e+00
7.307682434260400e-03	4.186155e+00
7.312079551049916e-03	4.185652e+00
7.317720476993913e-03	4.185000e+00
7.325852495373660e-03	4.184055e+00
7.339505590293919e-03	4.182468e+00
7.366811780134438e-03	4.179296e+00
7.421424159815475e-03	4.172961e+00
7.524482101694063e-03	4.161027e+00
7.604043667511217e-03	4.151833e+00
7.650884763405585e-03	4.146429e+00
7.682016942589002e-03	4.142842e+00
7.704271172761473e-03	4.140280e+00
7.720773209375495e-03	4.138382e+00
7.738145695089750e-03	4.136384e+00
7.760587716233247e-03	4.133805e+00
7.782234641932641e-03	4.131319e+00
7.817349462659152e-03	4.127290e+00
7.873414101783749e-03	4.120866e+00
7.958416236413298e-03	4.111146e+00
8.070022125396077e-03	4.098411e+00
8.130142055332638e-03	4.091565e+00
8.160841560137305e-03	4.088080e+00
8.182683377424789e-03	4.085672e+00
8.193535632787855e-03	4.084686e+00
8.199667475724488e-03	4.084472e+00
8.203296251401251e-03	4.084760e+00
8.207137142107393e-03	4.085824e+00
8.212363225651184e-03	4.088717e+00
8.217041246866725e-03	4.093055e+00
8.222939882078778e-03	4.100968e+00
8.228778162980984e-03	4.110989e+00
8.236549313449974e-03	4.126311e+00
8.248184711599656e-03	4.149490e+00
8.257409984795842e-03	4.165738e+00
8.264942049304032e-03	4.175989e+00
8.271506063648784e-03	4.182139e+00
8.277247115837355e-03	4.185436e+00
8.282568803713624e-03	4.186994e+00
8.288470866376621e-03	4.187622e+00
8.292492335000104e-03	4.187613e+00
8.295899553477004e-03	4.187403e+00
8.298807637460270e-03	4.187150e+00
8.301738307007223e-03	4.186854e+00
8.304975843682352e-03	4.186503e+00
8.308551224885189e-03	4.186101e+00
8.312946791260012e-03	4.185597e+00
8.318623293617723e-03	4.184939e+00
8.326882565303621e-03	4.183980e+00
8.340936992657536e-03	4.182346e+00
8.369045847365367e-03	4.179081e+00
8.425263556781028e-03	4.172560e+00
8.529438982413613e-03	4.160498e+00
8.606849288727876e-03	4.151553e+00
8.652663311915882e-03	4.146268e+00
8.683257501190499e-03	4.142743e+00
8.705179636587609e-03	4.140220e+00
8.721455122782593e-03	4.138347e+00
8.738971332705941e-03	4.136333e+00
8.760895931163805e-03	4.133813e+00
8.782736073152803e-03	4.131305e+00
8.818159412526422e-03	4.127241e+00
8.874687536141018e-03	4.120764e+00
8.960258808878609e-03	4.110979e+00
9.072157282202106e-03	4.098211e+00
9.131402769799636e-03	4.091465e+00
9.158946928753289e-03	4.088335e+00
9.179675020499082e-03	4.086008e+00
9.189842920204217e-03	4.084963e+00
9.196445871723210e-03	4.084461e+00
9.199610475168438e-03	4.084410e+00
9.203094328147516e-03	4.084697e+00
9.206621701060982e-03	4.085611e+00
9.211892994399975e-03	4.088365e+00
9.216503654026013e-03	4.092471e+00
9.222562768672319e-03	4.100381e+00
9.228183343240411e-03	4.109868e+00
9.235954433171897e-03	4.125126e+00
9.246680062162482e-03	4.146685e+00
9.255943810522761e-03	4.163485e+00
9.263554660609944e-03	4.174406e+00
9.270402068481894e-03	4.181331e+00
9.276197542411754e-03	4.185015e+00
9.281612037456005e-03	4.186828e+00
9.287675103123557e-03	4.187579e+00
9.293860348357445e-03	4.187582e+00
9.296749545874528e-03	4.187399e+00
9.299879020676154e-03	4.187107e+00
9.302998102276781e-03	4.186783e+00
9.306301406845656e-03	4.186419e+00
9.310234230571446e-03	4.185972e+00
9.315083996040658e-03	4.185413e+00
9.321719897366602e-03	4.184643e+00
9.331899093429416e-03	4.183460e+00
9.351167051298013e-03	4.181221e+00
9.389702967035209e-03	4.176747e+00
9.466774798509599e-03	4.167814e+00
9.579603531565303e-03	4.154763e+00
9.635838993528503e-03	4.148271e+00
9.671687533970507e-03	4.144138e+00
9.696767084153556e-03	4.141251e+00
9.715163277284181e-03	4.139133e+00
9.731342656507141e-03	4.137273e+00
9.747216047209654e-03	4.135448e+00
9.763965795358343e-03	4.133523e+00
9.787728880593472e-03	4.130795e+00
9.826212618482887e-03	4.126380e+00
9.887288653894622e-03	4.119384e+00
9.978242532796328e-03	4.108981e+00
1.000000000000000e-02	4.106495e+00
