time	                 Vout
0.000000000000000e+00	0.000000e+00
1.000000000000000e-09	0.000000e+00
1.063999999744269e-09	1.661239e-13
1.191999999232806e-09	5.042014e-13
5.455668412544678e-07	1.432793e-09
1.089941682509703e-06	2.945221e-09
1.634316523764938e-06	4.537788e-09
2.178691365020173e-06	6.210494e-09
2.723066206275408e-06	7.963340e-09
3.267441047530643e-06	9.796324e-09
3.811815888785877e-06	1.170945e-08
5.344707811253131e-06	1.854816e-08
6.557903647497202e-06	2.676502e-08
7.569712841502671e-06	3.802101e-08
8.483468172162133e-06	5.523608e-08
9.348707994301639e-06	8.317122e-08
1.018521917756212e-05	1.306831e-07
1.107761753558888e-05	2.194763e-07
1.189453567951592e-05	3.633621e-07
1.273220439009130e-05	6.217181e-07
1.352495216998205e-05	1.048291e-06
1.433141070823415e-05	1.799089e-06
1.511401957942384e-05	3.056768e-06
1.590673482186825e-05	5.246036e-06
1.668708551391368e-05	8.945996e-06
1.747507225329946e-05	1.534406e-05
1.825747260932368e-05	2.621289e-05
1.904683049744215e-05	4.492929e-05
1.983639196522773e-05	7.681324e-05
2.063586877347321e-05	1.315667e-04
2.144485328445471e-05	2.249964e-04
2.227553779203055e-05	3.853406e-04
2.313798347892146e-05	6.602600e-04
2.405678334278305e-05	1.136687e-03
2.506552481160184e-05	1.972731e-03
2.622000815347587e-05	3.476138e-03
2.762260821204275e-05	6.306102e-03
2.944398812283536e-05	1.196171e-02
3.202152898669102e-05	2.388605e-02
3.512496340166767e-05	4.472110e-02
3.955650478536479e-05	8.680671e-02
4.615859302575974e-05	1.732665e-01
5.711096202818707e-05	3.592400e-01
6.862053657615768e-05	5.966268e-01
8.481202626496239e-05	9.757082e-01
1.037037909608378e-04	1.442812e+00
1.226080154688168e-04	1.907718e+00
1.470967232737548e-04	2.469990e+00
1.762602689627861e-04	3.047696e+00
2.107130060518084e-04	3.603468e+00
2.258056425593375e-04	3.787402e+00
2.445423527575122e-04	3.946183e+00
2.629714495878006e-04	4.049847e+00
2.767430247863933e-04	4.094645e+00
2.835615758173404e-04	4.105596e+00
2.905523612986523e-04	4.110361e+00
2.972512069527174e-04	4.112210e+00
3.011462655250845e-04	4.112507e+00
3.040486171105772e-04	4.112488e+00
3.069905620706557e-04	4.112388e+00
3.102740069929798e-04	4.112234e+00
3.141452197123966e-04	4.112026e+00
3.190968627915674e-04	4.111742e+00
3.260410210670951e-04	4.111336e+00
3.372479431639525e-04	4.110675e+00
3.596617873576671e-04	4.109352e+00
4.044894757450964e-04	4.106707e+00
4.941448525199551e-04	4.101420e+00
5.865648772312692e-04	4.095977e+00
6.400457283298368e-04	4.092830e+00
6.745452267739729e-04	4.090802e+00
6.988320404695772e-04	4.089375e+00
7.167027908350858e-04	4.088325e+00
7.332378959031522e-04	4.087353e+00
7.486032701053990e-04	4.086451e+00
7.644814784100901e-04	4.085519e+00
7.885672838251896e-04	4.084105e+00
8.275627461001165e-04	4.081818e+00
8.893900107686426e-04	4.078195e+00
9.811960634438072e-04	4.072820e+00
1.078727893502712e-03	4.067116e+00
1.135314007158992e-03	4.063810e+00
1.170388551849817e-03	4.062004e+00
1.194547901427981e-03	4.061467e+00
1.200780229882465e-03	4.062115e+00
1.206032572745978e-03	4.064014e+00
1.210987101439099e-03	4.067534e+00
1.215578082367715e-03	4.072773e+00
1.221393630069892e-03	4.082010e+00
1.227471375444690e-03	4.094113e+00
1.235572162559456e-03	4.112336e+00
1.248880776058363e-03	4.142144e+00
1.258310343316442e-03	4.160468e+00
1.265927556066273e-03	4.171688e+00
1.272463027202057e-03	4.178273e+00
1.278207096703568e-03	4.181860e+00
1.283530031793898e-03	4.183653e+00
1.289394338068554e-03	4.184534e+00
1.293620106787745e-03	4.184714e+00
1.297640516267558e-03	4.184656e+00
1.301645995534773e-03	4.184499e+00
1.305522486768787e-03	4.184301e+00
1.310133003838754e-03	4.184040e+00
1.316045103686213e-03	4.183691e+00
1.324580230161131e-03	4.183180e+00
1.338955932372408e-03	4.182317e+00
1.367707336794963e-03	4.180590e+00
1.425210145640073e-03	4.177138e+00
1.529370380038002e-03	4.170892e+00
1.606810473592229e-03	4.166253e+00
1.652638631286093e-03	4.163510e+00
1.683240258753224e-03	4.161679e+00
1.705166999757586e-03	4.160368e+00
1.721445633413361e-03	4.159396e+00
1.738959836841038e-03	4.158349e+00
1.760891641007648e-03	4.157039e+00
1.782729093722930e-03	4.155735e+00
1.818148140204267e-03	4.153621e+00
1.874669820714430e-03	4.150250e+00
1.960233206771619e-03	4.145152e+00
2.072127703590824e-03	4.138493e+00
2.131385271617166e-03	4.134970e+00
2.168688415377081e-03	4.132811e+00
2.194609481758192e-03	4.131666e+00
2.205245856302074e-03	4.131943e+00
2.211822347166210e-03	4.133316e+00
2.217887395416025e-03	4.136216e+00
2.222606967566000e-03	4.139994e+00
2.228512163088504e-03	4.146605e+00
2.234639354815317e-03	4.155046e+00
2.242375657228020e-03	4.166700e+00
2.254494293929608e-03	4.184322e+00
2.261294495834339e-03	4.192667e+00
2.267461396705706e-03	4.198312e+00
2.273112338470423e-03	4.201865e+00
2.278539133762525e-03	4.203918e+00
2.284625534608379e-03	4.205067e+00
2.290121506956303e-03	4.205434e+00
2.294290232200990e-03	4.205422e+00
2.298996151206297e-03	4.205253e+00
2.303284528532810e-03	4.205040e+00
2.307917591131418e-03	4.204777e+00
2.313824563773773e-03	4.204428e+00
2.322199382905859e-03	4.203924e+00
2.335988191842178e-03	4.203092e+00
2.363565809714817e-03	4.201427e+00
2.418721045460095e-03	4.198100e+00
2.520961448285386e-03	4.191938e+00
2.602048094938619e-03	4.187057e+00
2.649626370746290e-03	4.184195e+00
2.681141632990320e-03	4.182300e+00
2.703631080766236e-03	4.180949e+00
2.720293085025797e-03	4.179948e+00
2.737564948131676e-03	4.178911e+00
2.760370801136976e-03	4.177542e+00
2.781881730343279e-03	4.176251e+00
2.816779293107350e-03	4.174158e+00
2.872517020707913e-03	4.170817e+00
2.957115528751185e-03	4.165751e+00
3.068507078036577e-03	4.159090e+00
3.129250393022275e-03	4.155460e+00
3.167260514114569e-03	4.153195e+00
3.186207474092008e-03	4.152152e+00
3.200922253188122e-03	4.151591e+00
3.206213913343652e-03	4.151683e+00
3.211134126770360e-03	4.152304e+00
3.215915172815876e-03	4.153768e+00
3.227688065593805e-03	4.161840e+00
3.233707165841206e-03	4.168468e+00
3.240330501560888e-03	4.176905e+00
3.249677344999977e-03	4.189072e+00
3.258103872739941e-03	4.198944e+00
3.264609568691733e-03	4.205002e+00
3.270362499756797e-03	4.208816e+00
3.275813139250803e-03	4.211143e+00
3.281015431166166e-03	4.212378e+00
3.286630313356003e-03	4.212950e+00
3.291982290328008e-03	4.213053e+00
3.296457313538009e-03	4.212939e+00
3.300915932525481e-03	4.212733e+00
3.305236184506464e-03	4.212496e+00
3.310510605100859e-03	4.212187e+00
3.317516451298711e-03	4.211767e+00
3.328178894915727e-03	4.211123e+00
3.347882605986507e-03	4.209931e+00
3.387290028128065e-03	4.207549e+00
3.466104872411183e-03	4.202788e+00
3.578845500589292e-03	4.195985e+00
3.635384465504066e-03	4.192577e+00
3.671380208134708e-03	4.190409e+00
3.696545535987535e-03	4.188894e+00
3.714998302132796e-03	4.187784e+00
3.731137595265427e-03	4.186813e+00
3.746851743233679e-03	4.185868e+00
3.763830350494811e-03	4.184846e+00
3.787508657437142e-03	4.183423e+00
3.825857872168496e-03	4.181119e+00
3.886735969663109e-03	4.177464e+00
3.977463510480020e-03	4.172023e+00
4.076400688376899e-03	4.166096e+00
4.133923100244481e-03	4.162654e+00
4.170394034598831e-03	4.160514e+00
4.195835309856555e-03	4.159258e+00
4.206192135931274e-03	4.159255e+00
4.212893339241702e-03	4.160128e+00
4.219039477807640e-03	4.162258e+00
4.224931118740259e-03	4.165887e+00
4.230735849867562e-03	4.171061e+00
4.236853206827755e-03	4.177885e+00
4.244138035904693e-03	4.186768e+00
4.255118250831869e-03	4.199704e+00
4.261464464781746e-03	4.206039e+00
4.267304058198700e-03	4.210420e+00
4.272741817839871e-03	4.213234e+00
4.278076624650753e-03	4.214897e+00
4.283976738354820e-03	4.215802e+00
4.289511388611026e-03	4.216078e+00
4.293681537584966e-03	4.216038e+00
4.298392684885013e-03	4.215855e+00
4.302705185781191e-03	4.215634e+00
4.307337934264234e-03	4.215370e+00
4.313218873209592e-03	4.215020e+00
4.321489911749853e-03	4.214521e+00
4.334986329809822e-03	4.213705e+00
4.361979165929760e-03	4.212071e+00
4.415964838169635e-03	4.208807e+00
4.517345734761650e-03	4.202681e+00
4.599994091844695e-03	4.197692e+00
4.648336863776270e-03	4.194777e+00
4.680246791127738e-03	4.192854e+00
4.702977483552633e-03	4.191485e+00
4.719803127413807e-03	4.190472e+00
4.736972801873462e-03	4.189438e+00
4.760149521236458e-03	4.188043e+00
4.781521704943898e-03	4.186758e+00
4.816197529566488e-03	4.184672e+00
4.871601159271262e-03	4.181343e+00
4.955785309823036e-03	4.176290e+00
5.066950997619706e-03	4.169624e+00
5.128337021231415e-03	4.165948e+00
5.166651546454887e-03	4.163657e+00
5.185376972205435e-03	4.162596e+00
5.200119341219845e-03	4.161933e+00
5.205508816350889e-03	4.161906e+00
5.210382732159499e-03	4.162277e+00
5.215089174817956e-03	4.163297e+00
5.220881912074296e-03	4.165692e+00
5.225847229270172e-03	4.168993e+00
5.232268286969750e-03	4.174897e+00
5.238145817827107e-03	4.181458e+00
5.246199926152041e-03	4.191058e+00
5.257424603958103e-03	4.203525e+00
5.263916327293672e-03	4.209382e+00
5.269485668298895e-03	4.212964e+00
5.274893858586177e-03	4.215247e+00
5.280050331853563e-03	4.216488e+00
5.285664981064770e-03	4.217077e+00
5.291835559657452e-03	4.217203e+00
5.296328637336849e-03	4.217088e+00
5.300806852900434e-03	4.216877e+00
5.305081483339824e-03	4.216641e+00
5.310332564977484e-03	4.216333e+00
5.317295056052623e-03	4.215915e+00
5.327860412498790e-03	4.215276e+00
5.347253440352632e-03	4.214102e+00
5.386039496060315e-03	4.211755e+00
5.463611607475682e-03	4.207064e+00
5.576009132480773e-03	4.200275e+00
5.633689692427236e-03	4.196795e+00
5.670236795535077e-03	4.194591e+00
5.695722167481614e-03	4.193056e+00
5.714385526223936e-03	4.191931e+00
5.730375794438175e-03	4.190968e+00
5.745498269439975e-03	4.190058e+00
5.763327041092312e-03	4.188984e+00
5.786690259635791e-03	4.187579e+00
5.824539166935066e-03	4.185303e+00
5.884679475399976e-03	4.181689e+00
5.974556831252909e-03	4.176293e+00
6.074563548045114e-03	4.170296e+00
6.132829481580874e-03	4.166805e+00
6.169657947751566e-03	4.164634e+00
6.195305888882594e-03	4.163328e+00
6.205891258663450e-03	4.163246e+00
6.212656211109414e-03	4.163996e+00
6.218839486153612e-03	4.165970e+00
6.225311314683539e-03	4.169747e+00
6.231109399729141e-03	4.174712e+00
6.237253340195600e-03	4.181345e+00
6.244464035068290e-03	4.189841e+00
6.255355133483505e-03	4.202222e+00
6.261573376544543e-03	4.208205e+00
6.267344035488944e-03	4.212375e+00
6.272747099147101e-03	4.215069e+00
6.278065582920511e-03	4.216663e+00
6.283931062048277e-03	4.217523e+00
6.289490308849371e-03	4.217782e+00
6.293590914410572e-03	4.217737e+00
6.298235429240644e-03	4.217555e+00
6.302500900661901e-03	4.217336e+00
6.307067253145047e-03	4.217075e+00
6.312835170895068e-03	4.216733e+00
6.320875209505090e-03	4.216248e+00
6.333832923652185e-03	4.215464e+00
6.359748351946376e-03	4.213895e+00
6.411579208534756e-03	4.210758e+00
6.511539176566125e-03	4.204716e+00
6.596680898243732e-03	4.199574e+00
6.646268979816468e-03	4.196583e+00
6.678816298386015e-03	4.194621e+00
6.701934298725858e-03	4.193228e+00
6.719021752812874e-03	4.192198e+00
6.736029510913384e-03	4.191174e+00
6.757180499331620e-03	4.189900e+00
6.776689982031174e-03	4.188726e+00
6.808380681344087e-03	4.186820e+00
6.859244661867423e-03	4.183762e+00
6.937620178180524e-03	4.179054e+00
7.045036761573591e-03	4.172609e+00
7.115693602212553e-03	4.168375e+00
7.158342090623727e-03	4.165822e+00
7.181211743732061e-03	4.164500e+00
7.198660825606918e-03	4.163676e+00
7.205965845311011e-03	4.163628e+00
7.211274899412719e-03	4.164083e+00
7.216346320661310e-03	4.165344e+00
7.222599513545682e-03	4.168271e+00
7.227937188543695e-03	4.172155e+00
7.234140422650370e-03	4.178205e+00
7.240449525838823e-03	4.185409e+00
7.249211557193543e-03	4.195747e+00
7.258016209288003e-03	4.205186e+00
7.264373294996512e-03	4.210645e+00
7.270002248292545e-03	4.214096e+00
7.275390072501567e-03	4.216236e+00
7.280576222590599e-03	4.217386e+00
7.286157506674416e-03	4.217913e+00
7.291585513032457e-03	4.218001e+00
7.295990250842485e-03	4.217884e+00
7.300381358928197e-03	4.217680e+00
7.304570195323471e-03	4.217451e+00
7.309637775415453e-03	4.217154e+00
7.316247298807798e-03	4.216758e+00
7.326069728614225e-03	4.216164e+00
7.343456728190894e-03	4.215111e+00
7.378230727344232e-03	4.213006e+00
7.447778725650908e-03	4.208799e+00
7.557443641107536e-03	4.202173e+00
7.622806082196696e-03	4.198227e+00
7.662988855971230e-03	4.195804e+00
7.690537072294419e-03	4.194143e+00
7.710539447646195e-03	4.192938e+00
7.725589466115865e-03	4.192031e+00
7.744162897050159e-03	4.190913e+00
7.762830262744909e-03	4.189789e+00
7.785882399516583e-03	4.188402e+00
7.823236848738757e-03	4.186155e+00
7.882645494741006e-03	4.182584e+00
7.971669675694997e-03	4.177238e+00
8.072715572035174e-03	4.171178e+00
8.131733222211800e-03	4.167642e+00
8.168921739170741e-03	4.165444e+00
8.194776980682644e-03	4.164107e+00
8.205589876051527e-03	4.163985e+00
8.212389950469743e-03	4.164680e+00
8.218592465540017e-03	4.166599e+00
8.225421450571887e-03	4.170517e+00
8.231222225394304e-03	4.175441e+00
8.237386224099528e-03	4.182062e+00
8.244580623894680e-03	4.190483e+00
8.255502369534262e-03	4.202802e+00
8.261652541032513e-03	4.208664e+00
8.267395893425317e-03	4.212771e+00
8.272789963730555e-03	4.215433e+00
8.278103576572731e-03	4.217007e+00
8.283957643055551e-03	4.217852e+00
8.289534592166258e-03	4.218106e+00
8.293570310566472e-03	4.218060e+00
8.298153237866354e-03	4.217879e+00
8.302371519623422e-03	4.217663e+00
8.306874531315107e-03	4.217407e+00
8.312538426140811e-03	4.217070e+00
8.320374072104088e-03	4.216598e+00
8.332867832642008e-03	4.215842e+00
8.357855353717848e-03	4.214329e+00
8.407830395869524e-03	4.211305e+00
8.506524581715212e-03	4.205338e+00
8.593799283973377e-03	4.200067e+00
8.644482509297856e-03	4.197009e+00
8.677584978199026e-03	4.195013e+00
8.701038012571740e-03	4.193600e+00
8.718351038523977e-03	4.192556e+00
8.735220862316208e-03	4.191540e+00
8.756182050786388e-03	4.190278e+00
8.775064743326389e-03	4.189142e+00
8.805747746592194e-03	4.187296e+00
8.855062620433077e-03	4.184330e+00
8.931383913840825e-03	4.179746e+00
9.037233162758940e-03	4.173394e+00
9.111261346718160e-03	4.168956e+00
9.155482469504648e-03	4.166308e+00
9.179898569304972e-03	4.164893e+00
9.198275600790319e-03	4.164022e+00
9.206274139401671e-03	4.163979e+00
9.211718230101243e-03	4.164485e+00
9.216906431429870e-03	4.165875e+00
9.223497903532300e-03	4.169168e+00
9.229033011577454e-03	4.173397e+00
9.235175067470767e-03	4.179587e+00
9.241746813824206e-03	4.187177e+00
9.251034091421671e-03	4.198050e+00
9.258715212123266e-03	4.206080e+00
9.264900940754744e-03	4.211200e+00
9.270506764045255e-03	4.214504e+00
9.275875688737721e-03	4.216533e+00
9.281100528940722e-03	4.217614e+00
9.286668192132677e-03	4.218092e+00
9.291557195760882e-03	4.218153e+00
9.295892688420748e-03	4.218033e+00
9.300214421102553e-03	4.217833e+00
9.304363232901342e-03	4.217607e+00
9.309344612834650e-03	4.217316e+00
9.315790863189921e-03	4.216929e+00
9.325277090032370e-03	4.216356e+00
9.341796392153651e-03	4.215356e+00
9.374834996396212e-03	4.213356e+00
9.440912204881335e-03	4.209358e+00
9.549099089692845e-03	4.202820e+00
9.618011689407015e-03	4.198660e+00
9.659848718282481e-03	4.196136e+00
9.688309569209980e-03	4.194421e+00
9.708894265043750e-03	4.193181e+00
9.724249149643571e-03	4.192255e+00
9.742363798118022e-03	4.191164e+00
9.762160552212868e-03	4.189972e+00
9.784793193756568e-03	4.188610e+00
9.821480075336800e-03	4.186403e+00
9.879897037095483e-03	4.182892e+00
9.967749168426044e-03	4.177615e+00
1.000000000000000e-02	4.175679e+00
