time	                Vout
0.000000000000000e+00	0.000000e+00
1.000000000000000e-09	0.000000e+00
1.063999999744269e-09	1.661239e-13
1.191999999232806e-09	5.042014e-13
5.455668397387292e-07	1.432794e-09
1.089941679478226e-06	2.945226e-09
1.634316519217722e-06	4.537799e-09
2.178691358957219e-06	6.210513e-09
2.723066198696715e-06	7.963369e-09
3.267441038436212e-06	9.796366e-09
3.811815878175707e-06	1.170950e-08
5.344709346084009e-06	1.854828e-08
6.557906750923748e-06	2.676523e-08
7.569717041544263e-06	3.802133e-08
8.483473086625277e-06	5.523657e-08
9.348713401077007e-06	8.317195e-08
1.018522494665938e-05	1.306843e-07
1.107762386543981e-05	2.194783e-07
1.189454228031808e-05	3.633654e-07
1.273221132663060e-05	6.217236e-07
1.352495925318402e-05	1.048300e-06
1.433141796871216e-05	1.799105e-06
1.511402690938354e-05	3.056796e-06
1.590674224380951e-05	5.246083e-06
1.668709296868468e-05	8.946075e-06
1.747507976040358e-05	1.534419e-05
1.825748013925960e-05	2.621313e-05
1.904683807099840e-05	4.492968e-05
1.983639957668144e-05	7.681391e-05
2.063587645539110e-05	1.315678e-04
2.144486106380952e-05	2.249984e-04
2.227554573737701e-05	3.853440e-04
2.313799167767500e-05	6.602659e-04
2.405679193332650e-05	1.136697e-03
2.506553394668122e-05	1.972748e-03
2.622001793773750e-05	3.476169e-03
2.762261839532693e-05	6.306158e-03
2.944399697052823e-05	1.196181e-02
3.202152844290855e-05	2.388623e-02
3.512496417903588e-05	4.472154e-02
3.955649240664784e-05	8.680768e-02
4.615853923919194e-05	1.732690e-01
5.711135602439617e-05	3.592563e-01
6.862106992301717e-05	5.966558e-01
8.481305828592020e-05	9.757679e-01
1.037049868611832e-04	1.442902e+00
1.226082471929213e-04	1.907813e+00
1.470956687413849e-04	2.470099e+00
1.762553927786610e-04	3.047779e+00
2.107147867657729e-04	3.603713e+00
2.258078604406970e-04	3.787672e+00
2.445450983190646e-04	3.946479e+00
2.629724710761802e-04	4.050180e+00
2.767199623736106e-04	4.094959e+00
2.835322162806948e-04	4.105944e+00
2.905216519652016e-04	4.110766e+00
2.972184100961084e-04	4.112677e+00
3.011071590732969e-04	4.113011e+00
3.040106840890583e-04	4.113021e+00
3.069533077312121e-04	4.112950e+00
3.102394836174307e-04	4.112829e+00
3.141155812135789e-04	4.112660e+00
3.190756280748043e-04	4.112426e+00
3.260361017431429e-04	4.112089e+00
3.372808914532050e-04	4.111539e+00
3.597704708733290e-04	4.110438e+00
4.047496297135772e-04	4.108238e+00
4.947079473940735e-04	4.103839e+00
5.868986028927296e-04	4.099336e+00
6.402489123578377e-04	4.096732e+00
6.746838583974096e-04	4.095052e+00
6.989324364713615e-04	4.093870e+00
7.167777244383325e-04	4.093000e+00
7.333279128891411e-04	4.092193e+00
7.487937342114916e-04	4.091440e+00
7.645522744035366e-04	4.090672e+00
7.886823773669780e-04	4.089497e+00
8.277480360073605e-04	4.087595e+00
8.896781367265388e-04	4.084582e+00
9.815999940961282e-04	4.080114e+00
1.078977706066812e-03	4.075385e+00
1.135463689200509e-03	4.072644e+00
1.171433754329199e-03	4.071168e+00
1.195827409985201e-03	4.070940e+00
1.202149162435994e-03	4.071730e+00
1.207586023111982e-03	4.073880e+00
1.212750069972764e-03	4.077764e+00
1.217467872292257e-03	4.083322e+00
1.223307308817492e-03	4.092706e+00
1.229670271595018e-03	4.105265e+00
1.238180509806622e-03	4.123620e+00
1.253274657955413e-03	4.154768e+00
1.262198336528005e-03	4.169940e+00
1.269075599913822e-03	4.178277e+00
1.275029029286679e-03	4.183001e+00
1.280532506163388e-03	4.185552e+00
1.286807688566336e-03	4.186986e+00
1.292529294779957e-03	4.187482e+00
1.296248633354155e-03	4.187518e+00
1.300312160460815e-03	4.187418e+00
1.304223225772615e-03	4.187267e+00
1.308546039613393e-03	4.187071e+00
1.314013553298912e-03	4.186808e+00
1.321601385381067e-03	4.186432e+00
1.333716140820410e-03	4.185829e+00
1.357945651699098e-03	4.184622e+00
1.406404673456472e-03	4.182208e+00
1.503322716971222e-03	4.177384e+00
1.591946626927794e-03	4.172977e+00
1.643339787329346e-03	4.170424e+00
1.676799565834434e-03	4.168762e+00
1.700467114462625e-03	4.167587e+00
1.717924128331233e-03	4.166721e+00
1.734706671650724e-03	4.165888e+00
1.753190673976226e-03	4.164971e+00
1.770194671083837e-03	4.164128e+00
1.797848712722419e-03	4.162757e+00
1.842461491159952e-03	4.160546e+00
1.912343023072451e-03	4.157086e+00
2.012555134393900e-03	4.152129e+00
2.097262197680154e-03	4.147942e+00
2.146630712206964e-03	4.145504e+00
2.179066130837169e-03	4.144077e+00
2.201492427872672e-03	4.143610e+00
2.208201642736805e-03	4.144079e+00
2.213942418185620e-03	4.145523e+00
2.219441770716841e-03	4.148222e+00
2.224179063152888e-03	4.151926e+00
2.230504771318635e-03	4.158681e+00
2.236559784522303e-03	4.166518e+00
2.244549463090394e-03	4.177566e+00
2.257177907216265e-03	4.193881e+00
2.263969325313458e-03	4.200990e+00
2.269777292642236e-03	4.205302e+00
2.275134652584894e-03	4.207917e+00
2.280510184820383e-03	4.209431e+00
2.286303138003254e-03	4.210179e+00
2.292746536859610e-03	4.210411e+00
2.296504399894074e-03	4.210364e+00
2.300398332519476e-03	4.210226e+00
2.304431590716749e-03	4.210050e+00
2.309102604638058e-03	4.209828e+00
2.315147514138435e-03	4.209530e+00
2.323763102918375e-03	4.209100e+00
2.338248420618353e-03	4.208374e+00
2.367219056018310e-03	4.206923e+00
2.425160326818225e-03	4.204021e+00
2.529306382660340e-03	4.198811e+00
2.606774263853565e-03	4.194939e+00
2.652615609196140e-03	4.192649e+00
2.683224175701677e-03	4.191121e+00
2.705155212887899e-03	4.190026e+00
2.721436782402575e-03	4.189214e+00
2.738949114476563e-03	4.188340e+00
2.760887639482483e-03	4.187246e+00
2.782722583847190e-03	4.186158e+00
2.818137626213170e-03	4.184393e+00
2.874653296882769e-03	4.181578e+00
2.960209325954279e-03	4.177320e+00
3.072100111358763e-03	4.171758e+00
3.131368949394622e-03	4.168814e+00
3.168677474367238e-03	4.166965e+00
3.185884739622968e-03	4.166158e+00
3.199758063233162e-03	4.165645e+00
3.204834672993579e-03	4.165622e+00
3.209556188762393e-03	4.165915e+00
3.214124196873886e-03	4.166713e+00
3.219215576665433e-03	4.168461e+00
3.224317898942924e-03	4.171336e+00
3.229890429843764e-03	4.175825e+00
3.235830107832648e-03	4.181891e+00
3.242861409614387e-03	4.189998e+00
3.252022357947153e-03	4.200558e+00
3.259190304204089e-03	4.207876e+00
3.265111736819469e-03	4.212641e+00
3.270807444034071e-03	4.215922e+00
3.276005025015121e-03	4.217829e+00
3.281989536553393e-03	4.219017e+00
3.287428137896426e-03	4.219464e+00
3.292695858524351e-03	4.219527e+00
3.296514755008388e-03	4.219443e+00
3.300398387756491e-03	4.219295e+00
3.304579844025669e-03	4.219107e+00
3.309452256070630e-03	4.218872e+00
3.315828005836007e-03	4.218555e+00
3.325069263694235e-03	4.218092e+00
3.341103091537621e-03	4.217288e+00
3.373170747224391e-03	4.215678e+00
3.437306058597933e-03	4.212460e+00
3.544647069464367e-03	4.207078e+00
3.615471682525165e-03	4.203531e+00
3.658198252885603e-03	4.201392e+00
3.687143520162907e-03	4.199944e+00
3.708034815256383e-03	4.198899e+00
3.723601898548120e-03	4.198121e+00
3.741576588833229e-03	4.197222e+00
3.761867331061847e-03	4.196208e+00
3.784316260911485e-03	4.195087e+00
3.820710511629581e-03	4.193269e+00
3.878691387630969e-03	4.190375e+00
3.966022506730804e-03	4.186021e+00
4.078752183063859e-03	4.180405e+00
4.135328557687939e-03	4.177588e+00
4.171342425989209e-03	4.175800e+00
4.187366690905868e-03	4.175047e+00
4.200510739092700e-03	4.174552e+00
4.205341736937312e-03	4.174513e+00
4.209990433599438e-03	4.174749e+00
4.214505727308284e-03	4.175427e+00
4.219516050004877e-03	4.176947e+00
4.224783897966168e-03	4.179608e+00
4.230309007192029e-03	4.183646e+00
4.236274255357961e-03	4.189224e+00
4.243098265947992e-03	4.196466e+00
4.251921938348008e-03	4.205881e+00
4.259046164874503e-03	4.212654e+00
4.264853108351565e-03	4.217034e+00
4.270467835403437e-03	4.220082e+00
4.275640475133139e-03	4.221881e+00
4.281586556292430e-03	4.223005e+00
4.286987744851374e-03	4.223427e+00
4.292301575446703e-03	4.223484e+00
4.296042038331152e-03	4.223400e+00
4.299860165446935e-03	4.223255e+00
4.303932897347287e-03	4.223072e+00
4.308607910426610e-03	4.222847e+00
4.314638972198348e-03	4.222548e+00
4.323173172181141e-03	4.222120e+00
4.337431943432251e-03	4.221404e+00
4.365949485934470e-03	4.219971e+00
4.422984570938909e-03	4.217106e+00
4.526502899993150e-03	4.211911e+00
4.605187807650384e-03	4.207965e+00
4.651608737895798e-03	4.205639e+00
4.682521438957255e-03	4.204091e+00
4.704640437280622e-03	4.202984e+00
4.721050319163357e-03	4.202163e+00
4.738481096222807e-03	4.201291e+00
4.760712946634036e-03	4.200178e+00
4.782438380836074e-03	4.199092e+00
4.817678581496027e-03	4.197330e+00
4.873931684041597e-03	4.194520e+00
4.959165685200066e-03	4.190266e+00
5.070892144543499e-03	4.184694e+00
5.130655177166366e-03	4.181716e+00
5.168199384088796e-03	4.179848e+00
5.184956367478447e-03	4.179044e+00
5.198964309558202e-03	4.178463e+00
5.204242213772714e-03	4.178362e+00
5.209023215818174e-03	4.178502e+00
5.213640632682265e-03	4.179010e+00
5.218101988902245e-03	4.180124e+00
5.229633776482936e-03	4.186392e+00
5.235701543214509e-03	4.191693e+00
5.242168267444875e-03	4.198236e+00
5.250521035268083e-03	4.206884e+00
5.258470518747265e-03	4.214334e+00
5.264327256424270e-03	4.218740e+00
5.269898433572887e-03	4.221769e+00
5.275079260985911e-03	4.223613e+00
5.280416766277110e-03	4.224679e+00
5.286017010345145e-03	4.225164e+00
5.291726665793474e-03	4.225264e+00
5.295270595864784e-03	4.225195e+00
5.298945364466673e-03	4.225060e+00
5.302751147453051e-03	4.224894e+00
5.306980526331542e-03	4.224693e+00
5.312274929996311e-03	4.224432e+00
5.319395130300037e-03	4.224075e+00
5.330401621104067e-03	4.223523e+00
5.351442624509775e-03	4.222465e+00
5.393524631321192e-03	4.220349e+00
5.477688644944025e-03	4.216122e+00
5.576542049295943e-03	4.211161e+00
5.634007409077188e-03	4.208280e+00
5.670450849065698e-03	4.206454e+00
5.695876197761616e-03	4.205180e+00
5.714500118963065e-03	4.204247e+00
5.730518271506881e-03	4.203446e+00
5.745751415156202e-03	4.202683e+00
5.763421190803562e-03	4.201799e+00
5.786843356646810e-03	4.200627e+00
5.824785902387426e-03	4.198730e+00
5.885064491568586e-03	4.195718e+00
5.975101974229475e-03	4.191222e+00
6.074909838812270e-03	4.186243e+00
6.133035331041930e-03	4.183346e+00
6.169796373898726e-03	4.181533e+00
6.194382177872831e-03	4.180458e+00
6.205858315798384e-03	4.180285e+00
6.212402159881536e-03	4.180735e+00
6.218426755161502e-03	4.182056e+00
6.224305437122662e-03	4.184513e+00
6.229432759688632e-03	4.187827e+00
6.235808071431044e-03	4.193269e+00
6.242011788297762e-03	4.199410e+00
6.250555756047447e-03	4.208088e+00
6.258754385291746e-03	4.215601e+00
6.264740968653195e-03	4.219980e+00
6.270172667336227e-03	4.222819e+00
6.275438158452755e-03	4.224605e+00
6.280663669138995e-03	4.225592e+00
6.286183302386008e-03	4.226048e+00
6.290790437430994e-03	4.226127e+00
6.294897660085347e-03	4.226050e+00
6.298995941096613e-03	4.225903e+00
6.302806276713255e-03	4.225736e+00
6.307268158792421e-03	4.225523e+00
6.312779227226330e-03	4.225251e+00
6.320440549992429e-03	4.224867e+00
6.332502905563072e-03	4.224261e+00
6.356627616704358e-03	4.223048e+00
6.404877038986930e-03	4.220623e+00
6.501375883552074e-03	4.215776e+00
6.590814480206330e-03	4.211287e+00
6.642643703193297e-03	4.208689e+00
6.676321983614219e-03	4.207001e+00
6.700120281752965e-03	4.205809e+00
6.717664889540147e-03	4.204930e+00
6.734394630232508e-03	4.204092e+00
6.752636634450747e-03	4.203179e+00
6.769292576726449e-03	4.202345e+00
6.796384171779414e-03	4.200990e+00
6.840116783088612e-03	4.198803e+00
6.908760872127414e-03	4.195373e+00
7.007773592034075e-03	4.190430e+00
7.094519128932289e-03	4.186102e+00
7.144927739422269e-03	4.183590e+00
7.177891459395702e-03	4.181953e+00
7.190752815276960e-03	4.181357e+00
7.201705821208595e-03	4.180961e+00
7.206041616763096e-03	4.180926e+00
7.210352785332386e-03	4.181119e+00
7.214590508443518e-03	4.181685e+00
7.219637826153297e-03	4.183064e+00
7.225028306531189e-03	4.185548e+00
7.230517033020341e-03	4.189258e+00
7.236521839434884e-03	4.194496e+00
7.243174504574509e-03	4.201119e+00
7.251751912278368e-03	4.209750e+00
7.258908186524529e-03	4.216201e+00
7.264640881328602e-03	4.220323e+00
7.270189235593149e-03	4.223204e+00
7.275349207642794e-03	4.224929e+00
7.281274209687315e-03	4.226010e+00
7.286637649057280e-03	4.226416e+00
7.291846094961036e-03	4.226470e+00
7.295367934429171e-03	4.226394e+00
7.298990362516748e-03	4.226259e+00
7.302798235786812e-03	4.226090e+00
7.307030697399053e-03	4.225889e+00
7.312332009129615e-03	4.225627e+00
7.319462313431447e-03	4.225270e+00
7.330498739963077e-03	4.224715e+00
7.351635900401516e-03	4.223652e+00
7.393910221278393e-03	4.221527e+00
7.478458863032147e-03	4.217279e+00
7.577024681437812e-03	4.212331e+00
7.634295427939829e-03	4.209459e+00
7.670645014376210e-03	4.207637e+00
7.696015960302992e-03	4.206366e+00
7.714604113529745e-03	4.205435e+00
7.730647565200126e-03	4.204631e+00
7.745981133465030e-03	4.203864e+00
7.763506621559705e-03	4.202986e+00
7.786982273199643e-03	4.201812e+00
7.825009765845723e-03	4.199910e+00
7.885413723186034e-03	4.196890e+00
7.975596070208877e-03	4.192386e+00
8.075222999954678e-03	4.187415e+00
8.133221602946732e-03	4.184523e+00
8.169921685209448e-03	4.182712e+00
8.194373541299304e-03	4.181639e+00
8.205858654552976e-03	4.181456e+00
8.212373628852607e-03	4.181882e+00
8.218376104652200e-03	4.183156e+00
8.224188974759173e-03	4.185514e+00
8.229254342895728e-03	4.188709e+00
8.235669709442653e-03	4.194077e+00
8.241801785284908e-03	4.200055e+00
8.250219478158727e-03	4.208500e+00
8.258942517582610e-03	4.216400e+00
8.264963055765821e-03	4.220737e+00
8.270356375080491e-03	4.223490e+00
8.275601649726967e-03	4.225216e+00
8.280847172348725e-03	4.226171e+00
8.286364874829921e-03	4.226606e+00
8.290794873322299e-03	4.226674e+00
8.294885850479359e-03	4.226593e+00
8.298967387827079e-03	4.226447e+00
8.302778565948018e-03	4.226280e+00
8.307236346957616e-03	4.226067e+00
8.312737724664799e-03	4.225795e+00
8.320379168537364e-03	4.225412e+00
8.332397306212795e-03	4.224808e+00
8.356427454236032e-03	4.223599e+00
8.404487750282508e-03	4.221184e+00
8.500608342375461e-03	4.216355e+00
8.590366848071563e-03	4.211850e+00
8.642368945545481e-03	4.209242e+00
8.676133650189585e-03	4.207550e+00
8.699983574042298e-03	4.206355e+00
8.717562732581809e-03	4.205474e+00
8.734271706990255e-03	4.204638e+00
8.752418370410514e-03	4.203729e+00
8.768937190635036e-03	4.202902e+00
8.795807098436890e-03	4.201558e+00
8.839192224985934e-03	4.199388e+00
8.907345153775040e-03	4.195982e+00
9.005872088947228e-03	4.191062e+00
9.093422619762323e-03	4.186694e+00
9.144249814100626e-03	4.184161e+00
9.177424902810063e-03	4.182512e+00
9.190393192999389e-03	4.181908e+00
9.201481986313476e-03	4.181498e+00
9.205841275961708e-03	4.181455e+00
9.210161133909921e-03	4.181632e+00
9.214402092332520e-03	4.182167e+00
9.219331184592075e-03	4.183464e+00
9.224861441712353e-03	4.185944e+00
9.230332368276126e-03	4.189570e+00
9.236353588937967e-03	4.194757e+00
9.242933263481731e-03	4.201257e+00
9.251405579797169e-03	4.209753e+00
9.258759147026631e-03	4.216383e+00
9.264508709449183e-03	4.220530e+00
9.270052215302750e-03	4.223420e+00
9.275215066576676e-03	4.225157e+00
9.281154272260873e-03	4.226253e+00
9.286502890767250e-03	4.226664e+00
9.291759011538061e-03	4.226723e+00
9.295249182359126e-03	4.226649e+00
9.298847640504065e-03	4.226516e+00
9.302615209541619e-03	4.226350e+00
9.306780994941999e-03	4.226151e+00
9.311975014175586e-03	4.225895e+00
9.318906693091294e-03	4.225549e+00
9.329514770356264e-03	4.225016e+00
9.349413964954187e-03	4.224015e+00
9.389212354150033e-03	4.222013e+00
9.468809132541726e-03	4.218014e+00
9.581894779860366e-03	4.212337e+00
9.637217037640561e-03	4.209562e+00
9.672621012262525e-03	4.207788e+00
9.697440647519429e-03	4.206544e+00
9.715665082215186e-03	4.205631e+00
9.731966300291581e-03	4.204815e+00
9.748323922362417e-03	4.203996e+00
9.764377641819076e-03	4.203192e+00
9.788398472703136e-03	4.201990e+00
9.827290953190326e-03	4.200045e+00
9.888967257778405e-03	4.196962e+00
9.980602940426266e-03	4.192384e+00
1.000000000000000e-02	4.191415e+00
