Freq 						ampiezza dB            fase gradi
1.00000000000000e+01	-3.39091466363641e+01	-1.79531114882033e+02
1.02329299228075e+01	-3.39091192589599e+01	-1.79520194634295e+02
1.04712854805090e+01	-3.39090905914955e+01	-1.79509020127841e+02
1.07151930523761e+01	-3.39090605731912e+01	-1.79497585447840e+02
1.09647819614319e+01	-3.39090291404047e+01	-1.79485884542235e+02
1.12201845430196e+01	-3.39089962264964e+01	-1.79473911218579e+02
1.14815362149688e+01	-3.39089617616883e+01	-1.79461659140813e+02
1.17489755493953e+01	-3.39089256729161e+01	-1.79449121825959e+02
1.20226443461741e+01	-3.39088878836750e+01	-1.79436292640751e+02
1.23026877081238e+01	-3.39088483138572e+01	-1.79423164798181e+02
1.25892541179417e+01	-3.39088068795831e+01	-1.79409731353979e+02
1.28824955169313e+01	-3.39087634930233e+01	-1.79395985203002e+02
1.31825673855641e+01	-3.39087180622128e+01	-1.79381919075553e+02
1.34896288259165e+01	-3.39086704908569e+01	-1.79367525533618e+02
1.38038426460288e+01	-3.39086206781271e+01	-1.79352796967014e+02
1.41253754462275e+01	-3.39085685184481e+01	-1.79337725589458e+02
1.44543977074593e+01	-3.39085139012745e+01	-1.79322303434548e+02
1.47910838816821e+01	-3.39084567108572e+01	-1.79306522351655e+02
1.51356124843621e+01	-3.39083968259986e+01	-1.79290374001732e+02
1.54881661891248e+01	-3.39083341197965e+01	-1.79273849853022e+02
1.58489319246111e+01	-3.39082684593760e+01	-1.79256941176681e+02
1.62181009735893e+01	-3.39081997056089e+01	-1.79239639042305e+02
1.65958690743756e+01	-3.39081277128195e+01	-1.79221934313361e+02
1.69824365246174e+01	-3.39080523284772e+01	-1.79203817642519e+02
1.73780082874937e+01	-3.39079733928746e+01	-1.79185279466887e+02
1.77827941003892e+01	-3.39078907387900e+01	-1.79166310003146e+02
1.81970085860998e+01	-3.39078041911347e+01	-1.79146899242578e+02
1.86208713666287e+01	-3.39077135665837e+01	-1.79127036945995e+02
1.90546071796325e+01	-3.39076186731886e+01	-1.79106712638563e+02
1.94984459975804e+01	-3.39075193099733e+01	-1.79085915604513e+02
1.99526231496888e+01	-3.39074152665099e+01	-1.79064634881748e+02
2.04173794466953e+01	-3.39073063224756e+01	-1.79042859256342e+02
2.08929613085404e+01	-3.39071922471878e+01	-1.79020577256921e+02
2.13796208950223e+01	-3.39070727991191e+01	-1.78997777148937e+02
2.18776162394955e+01	-3.39069477253880e+01	-1.78974446928823e+02
2.23872113856834e+01	-3.39068167612268e+01	-1.78950574318036e+02
2.29086765276777e+01	-3.39066796294247e+01	-1.78926146756983e+02
2.34422881531992e+01	-3.39065360397446e+01	-1.78901151398825e+02
2.39883291901949e+01	-3.39063856883126e+01	-1.78875575103166e+02
2.45470891568503e+01	-3.39062282569799e+01	-1.78849404429623e+02
2.51188643150958e+01	-3.39060634126539e+01	-1.78822625631268e+02
2.57039578276886e+01	-3.39058908065994e+01	-1.78795224647955e+02
2.63026799189538e+01	-3.39057100737059e+01	-1.78767187099523e+02
2.69153480392691e+01	-3.39055208317224e+01	-1.78738498278877e+02
2.75422870333816e+01	-3.39053226804556e+01	-1.78709143144938e+02
2.81838293126445e+01	-3.39051152009315e+01	-1.78679106315484e+02
2.88403150312660e+01	-3.39048979545178e+01	-1.78648372059855e+02
2.95120922666638e+01	-3.39046704820059e+01	-1.78616924291537e+02
3.01995172040201e+01	-3.39044323026504e+01	-1.78584746560632e+02
3.09029543251359e+01	-3.39041829131644e+01	-1.78551822046192e+02
3.16227766016838e+01	-3.39039217866679e+01	-1.78518133548444e+02
3.23593656929628e+01	-3.39036483715881e+01	-1.78483663480888e+02
3.31131121482591e+01	-3.39033620905092e+01	-1.78448393862278e+02
3.38844156139202e+01	-3.39030623389689e+01	-1.78412306308488e+02
3.46736850452531e+01	-3.39027484841995e+01	-1.78375382024261e+02
3.54813389233575e+01	-3.39024198638120e+01	-1.78337601794850e+02
3.63078054770101e+01	-3.39020757844186e+01	-1.78298945977545e+02
3.71535229097172e+01	-3.39017155201933e+01	-1.78259394493099e+02
3.80189396320561e+01	-3.39013383113660e+01	-1.78218926817053e+02
3.89045144994280e+01	-3.39009433626482e+01	-1.78177521970958e+02
3.98107170553497e+01	-3.39005298415864e+01	-1.78135158513515e+02
4.07380277804112e+01	-3.39000968768413e+01	-1.78091814531624e+02
4.16869383470335e+01	-3.38996435563882e+01	-1.78047467631351e+02
4.26579518801592e+01	-3.38991689256361e+01	-1.78002094928827e+02
4.36515832240165e+01	-3.38986719854614e+01	-1.77955673041085e+02
4.46683592150962e+01	-3.38981516901530e+01	-1.77908178076834e+02
4.57088189614874e+01	-3.38976069452646e+01	-1.77859585627194e+02
4.67735141287197e+01	-3.38970366053703e+01	-1.77809870756394e+02
4.78630092322638e+01	-3.38964394717196e+01	-1.77759007992447e+02
4.89778819368445e+01	-3.38958142897871e+01	-1.77706971317810e+02
5.01187233627271e+01	-3.38951597467134e+01	-1.77653734160060e+02
5.12861383991364e+01	-3.38944744686310e+01	-1.77599269382572e+02
5.24807460249772e+01	-3.38937570178720e+01	-1.77543549275250e+02
5.37031796370252e+01	-3.38930058900524e+01	-1.77486545545300e+02
5.49540873857623e+01	-3.38922195110265e+01	-1.77428229308080e+02
5.62341325190348e+01	-3.38913962337086e+01	-1.77368571078052e+02
5.75439937337156e+01	-3.38905343347542e+01	-1.77307540759843e+02
5.88843655355588e+01	-3.38896320110966e+01	-1.77245107639454e+02
6.02559586074357e+01	-3.38886873763325e+01	-1.77181240375649e+02
6.16595001861481e+01	-3.38876984569513e+01	-1.77115906991527e+02
6.30957344480192e+01	-3.38866631884004e+01	-1.77049074866346e+02
6.45654229034654e+01	-3.38855794109827e+01	-1.76980710727605e+02
6.60693448007595e+01	-3.38844448655775e+01	-1.76910780643430e+02
6.76082975391980e+01	-3.38832571891794e+01	-1.76839250015307e+02
6.91830970918935e+01	-3.38820139102486e+01	-1.76766083571208e+02
7.07945784384136e+01	-3.38807124438644e+01	-1.76691245359142e+02
7.24435960074988e+01	-3.38793500866770e+01	-1.76614698741196e+02
7.41310241300916e+01	-3.38779240116476e+01	-1.76536406388111e+02
7.58577575029182e+01	-3.38764312625723e+01	-1.76456330274456e+02
7.76247116628690e+01	-3.38748687483798e+01	-1.76374431674457e+02
7.94328234724279e+01	-3.38732332371981e+01	-1.76290671158541e+02
8.12830516164097e+01	-3.38715213501796e+01	-1.76205008590684e+02
8.31763771102669e+01	-3.38697295550794e+01	-1.76117403126619e+02
8.51138038202374e+01	-3.38678541595777e+01	-1.76027813212995e+02
8.70963589956078e+01	-3.38658913043393e+01	-1.75936196587564e+02
8.91250938133743e+01	-3.38638369558022e+01	-1.75842510280505e+02
9.12010839355907e+01	-3.38616868986875e+01	-1.75746710616961e+02
9.33254300796988e+01	-3.38594367282236e+01	-1.75648753220904e+02
9.54992586021433e+01	-3.38570818420769e+01	-1.75548593020445e+02
9.77237220955808e+01	-3.38546174319820e+01	-1.75446184254695e+02
9.99999999999997e+01	-3.38520384750644e+01	-1.75341480482303e+02
1.02329299228075e+02	-3.38493397248489e+01	-1.75234434591818e+02
1.04712854805090e+02	-3.38465157019478e+01	-1.75124998813995e+02
1.07151930523760e+02	-3.38435606844223e+01	-1.75013124736212e+02
1.09647819614318e+02	-3.38404686978126e+01	-1.74898763319149e+02
1.12201845430196e+02	-3.38372335048319e+01	-1.74781864915893e+02
1.14815362149688e+02	-3.38338485947191e+01	-1.74662379293651e+02
1.17489755493953e+02	-3.38303071722482e+01	-1.74540255658261e+02
1.20226443461741e+02	-3.38266021463922e+01	-1.74415442681685e+02
1.23026877081238e+02	-3.38227261186387e+01	-1.74287888532703e+02
1.25892541179416e+02	-3.38186713709590e+01	-1.74157540911023e+02
1.28824955169313e+02	-3.38144298534297e+01	-1.74024347085034e+02
1.31825673855640e+02	-3.38099931715118e+01	-1.73888253933442e+02
1.34896288259165e+02	-3.38053525729898e+01	-1.73749207991042e+02
1.38038426460288e+02	-3.38004989345777e+01	-1.73607155498887e+02
1.41253754462275e+02	-3.37954227481991e+01	-1.73462042459137e+02
1.44543977074592e+02	-3.37901141069537e+01	-1.73313814694857e+02
1.47910838816820e+02	-3.37845626907802e+01	-1.73162417915077e+02
1.51356124843620e+02	-3.37787577518330e+01	-1.73007797785422e+02
1.54881661891248e+02	-3.37726880995904e+01	-1.72849900004621e+02
1.58489319246111e+02	-3.37663420857155e+01	-1.72688670387235e+02
1.62181009735892e+02	-3.37597075886948e+01	-1.72524054952945e+02
1.65958690743755e+02	-3.37527719982833e+01	-1.72356000022751e+02
1.69824365246174e+02	-3.37455221997886e+01	-1.72184452322427e+02
1.73780082874937e+02	-3.37379445582315e+01	-1.72009359093627e+02
1.77827941003892e+02	-3.37300249024229e+01	-1.71830668212989e+02
1.81970085860998e+02	-3.37217485090068e+01	-1.71648328319625e+02
1.86208713666286e+02	-3.37131000865179e+01	-1.71462288951388e+02
1.90546071796324e+02	-3.37040637595144e+01	-1.71272500690286e+02
1.94984459975804e+02	-3.36946230528471e+01	-1.71078915317430e+02
1.99526231496887e+02	-3.36847608761368e+01	-1.70881485977906e+02
2.04173794466952e+02	-3.36744595085361e+01	-1.70680167355925e+02
2.08929613085403e+02	-3.36637005838581e+01	-1.70474915860637e+02
2.13796208950222e+02	-3.36524650761652e+01	-1.70265689822940e+02
2.18776162394954e+02	-3.36407332859151e+01	-1.70052449703642e+02
2.23872113856833e+02	-3.36284848267714e+01	-1.69835158313269e+02
2.29086765276776e+02	-3.36156986131938e+01	-1.69613781043821e+02
2.34422881531991e+02	-3.36023528489296e+01	-1.69388286112723e+02
2.39883291901948e+02	-3.35884250165410e+01	-1.69158644819210e+02
2.45470891568502e+02	-3.35738918681051e+01	-1.68924831813301e+02
2.51188643150957e+02	-3.35587294172382e+01	-1.68686825377507e+02
2.57039578276885e+02	-3.35429129326010e+01	-1.68444607721348e+02
2.63026799189537e+02	-3.35264169330495e+01	-1.68198165288674e+02
2.69153480392690e+02	-3.35092151846075e+01	-1.67947489077747e+02
2.75422870333816e+02	-3.34912806994413e+01	-1.67692574973933e+02
2.81838293126444e+02	-3.34725857370259e+01	-1.67433424094780e+02
2.88403150312659e+02	-3.34531018076992e+01	-1.67170043147160e+02
2.95120922666637e+02	-3.34327996788044e+01	-1.66902444796049e+02
3.01995172040200e+02	-3.34116493836289e+01	-1.66630648044401e+02
3.09029543251358e+02	-3.33896202333485e+01	-1.66354678623456e+02
3.16227766016837e+02	-3.33666808321908e+01	-1.66074569392691e+02
3.23593656929627e+02	-3.33427990960305e+01	-1.65790360748484e+02
3.31131121482590e+02	-3.33179422746291e+01	-1.65502101040407e+02
3.38844156139201e+02	-3.32920769777309e+01	-1.65209846993937e+02
3.46736850452530e+02	-3.32651692052175e+01	-1.64913664138170e+02
3.54813389233574e+02	-3.32371843815207e+01	-1.64613627237019e+02
3.63078054770100e+02	-3.32080873944801e+01	-1.64309820722148e+02
3.71535229097171e+02	-3.31778426388210e+01	-1.64002339125774e+02
3.80189396320559e+02	-3.31464140644116e+01	-1.63691287511274e+02
3.89045144994279e+02	-3.31137652294409e+01	-1.63376781899366e+02
3.98107170553495e+02	-3.30798593586339e+01	-1.63058949687489e+02
4.07380277804111e+02	-3.30446594065990e+01	-1.62737930059819e+02
4.16869383470333e+02	-3.30081281263710e+01	-1.62413874385249e+02
4.26579518801591e+02	-3.29702281431817e+01	-1.62086946600490e+02
4.36515832240164e+02	-3.29309220334546e+01	-1.61757323575344e+02
4.46683592150961e+02	-3.28901724089815e+01	-1.61425195457117e+02
4.57088189614873e+02	-3.28479420061965e+01	-1.61090765991026e+02
4.67735141287196e+02	-3.28041937804175e+01	-1.60754252813425e+02
4.78630092322636e+02	-3.27588910048796e+01	-1.60415887714647e+02
4.89778819368444e+02	-3.27119973743346e+01	-1.60075916868249e+02
5.01187233627270e+02	-3.26634771129384e+01	-1.59734601023521e+02
5.12861383991362e+02	-3.26132950860977e+01	-1.59392215658147e+02
5.24807460249770e+02	-3.25614169158950e+01	-1.59049051088087e+02
5.37031796370250e+02	-3.25078090996567e+01	-1.58705412531841e+02
5.49540873857622e+02	-3.24524391311791e+01	-1.58361620126526e+02
5.62341325190346e+02	-3.23952756240790e+01	-1.58018008893373e+02
5.75439937337154e+02	-3.23362884366859e+01	-1.57674928650598e+02
5.88843655355586e+02	-3.22754487978525e+01	-1.57332743871892e+02
6.02559586074355e+02	-3.22127294330216e+01	-1.56991833489152e+02
6.16595001861479e+02	-3.21481046898526e+01	-1.56652590638501e+02
6.30957344480190e+02	-3.20815506626869e+01	-1.56315422349054e+02
6.45654229034652e+02	-3.20130453151107e+01	-1.55980749174387e+02
6.60693448007592e+02	-3.19425685998609e+01	-1.55649004767128e+02
6.76082975391978e+02	-3.18701025753198e+01	-1.55320635397633e+02
6.91830970918933e+02	-3.17956315178472e+01	-1.54996099418195e+02
7.07945784384134e+02	-3.17191420292152e+01	-1.54675866674794e+02
7.24435960074986e+02	-3.16406231384350e+01	-1.54360417868879e+02
7.41310241300914e+02	-3.15600663973003e+01	-1.54050243872208e+02
7.58577575029180e+02	-3.14774659690142e+01	-1.53745844998235e+02
7.76247116628688e+02	-3.13928187093198e+01	-1.53447730233995e+02
7.94328234724277e+02	-3.13061242396168e+01	-1.53156416436853e+02
8.12830516164095e+02	-3.12173850116134e+01	-1.52872427500845e+02
8.31763771102666e+02	-3.11266063631408e+01	-1.52596293497656e+02
8.51138038202372e+02	-3.10337965648377e+01	-1.52328549797548e+02
8.70963589956076e+02	-3.09389668574996e+01	-1.52069736175719e+02
8.91250938133741e+02	-3.08421314799772e+01	-1.51820395909725e+02
9.12010839355905e+02	-3.07433076875988e+01	-1.51581074873621e+02
9.33254300796986e+02	-3.06425157611874e+01	-1.51352320634490e+02
9.54992586021431e+02	-3.05397790068283e+01	-1.51134681556896e+02
9.77237220955805e+02	-3.04351237466403e+01	-1.50928705920676e+02
9.99999999999994e+02	-3.03285793008813e+01	-1.50734941057224e+02
1.02329299228075e+03	-3.02201779618043e+01	-1.50553932509140e+02
1.04712854805089e+03	-3.01099549597531e+01	-1.50386223217747e+02
1.07151930523760e+03	-2.99979484220525e+01	-1.50232352742593e+02
1.09647819614318e+03	-2.98841993253080e+01	-1.50092856516584e+02
1.12201845430196e+03	-2.97687514417810e+01	-1.49968265139901e+02
1.14815362149688e+03	-2.96516512805419e+01	-1.49859103715343e+02
1.17489755493952e+03	-2.95329480241412e+01	-1.49765891227192e+02
1.20226443461741e+03	-2.94126934615516e+01	-1.49689139965123e+02
1.23026877081237e+03	-2.92909419181517e+01	-1.49629354994139e+02
1.25892541179416e+03	-2.91677501835193e+01	-1.49587033670948e+02
1.28824955169313e+03	-2.90431774377943e+01	-1.49562665206640e+02
1.31825673855640e+03	-2.89172851773557e+01	-1.49556730275001e+02
1.34896288259165e+03	-2.87901371405300e+01	-1.49569700665303e+02
1.38038426460288e+03	-2.86617992340146e+01	-1.49602038977915e+02
1.41253754462275e+03	-2.85323394606617e+01	-1.49654198360649e+02
1.44543977074592e+03	-2.84018278492192e+01	-1.49726622283368e+02
1.47910838816820e+03	-2.82703363865773e+01	-1.49819744347980e+02
1.51356124843620e+03	-2.81379389530078e+01	-1.49933988130681e+02
1.54881661891247e+03	-2.80047112608323e+01	-1.50069767052991e+02
1.58489319246110e+03	-2.78707307968847e+01	-1.50227484277924e+02
1.62181009735892e+03	-2.77360767690775e+01	-1.50407532627449e+02
1.65958690743755e+03	-2.76008300573110e+01	-1.50610294517262e+02
1.69824365246173e+03	-2.74650731689042e+01	-1.50836141904793e+02
1.73780082874936e+03	-2.73288901986571e+01	-1.51085436246328e+02
1.77827941003891e+03	-2.71923667935953e+01	-1.51358528459111e+02
1.81970085860997e+03	-2.70555901223804e+01	-1.51655758884312e+02
1.86208713666286e+03	-2.69186488493126e+01	-1.51977457246825e+02
1.90546071796323e+03	-2.67816331127924e+01	-1.52323942607936e+02
1.94984459975803e+03	-2.66446345080507e+01	-1.52695523307032e+02
1.99526231496887e+03	-2.65077460739050e+01	-1.53092496888685e+02
2.04173794466952e+03	-2.63710622832485e+01	-1.53515150011594e+02
2.08929613085403e+03	-2.62346790369284e+01	-1.53963758336101e+02
2.13796208950222e+03	-2.60986936606281e+01	-1.54438586387189e+02
2.18776162394954e+03	-2.59632049043240e+01	-1.54939887390135e+02
2.23872113856832e+03	-2.58283129438496e+01	-1.55467903076215e+02
2.29086765276776e+03	-2.56941193840624e+01	-1.56022863456176e+02
2.34422881531991e+03	-2.55607272630791e+01	-1.56604986559431e+02
2.39883291901947e+03	-2.54282410570107e+01	-1.57214478137275e+02
2.45470891568501e+03	-2.52967666846074e+01	-1.57851531328696e+02
2.51188643150956e+03	-2.51664115111959e+01	-1.58516326287737e+02
2.57039578276885e+03	-2.50372843512723e+01	-1.59209029771629e+02
2.63026799189536e+03	-2.49094954690997e+01	-1.59929794689349e+02
2.69153480392690e+03	-2.47831565766411e+01	-1.60678759610543e+02
2.75422870333815e+03	-2.46583808281526e+01	-1.61456048235191e+02
2.81838293126443e+03	-2.45352828107530e+01	-1.62261768824717e+02
2.88403150312658e+03	-2.44139785302844e+01	-1.63096013595687e+02
2.95120922666636e+03	-2.42945853917795e+01	-1.63958858077595e+02
3.01995172040199e+03	-2.41772221738578e+01	-1.64850360436686e+02
3.09029543251357e+03	-2.40620089963821e+01	-1.65770560768137e+02
3.16227766016836e+03	-2.39490672807253e+01	-1.66719480359378e+02
3.23593656929626e+03	-2.38385197020116e+01	-1.67697120927717e+02
3.31131121482589e+03	-2.37304901327311e+01	-1.68703463835888e+02
3.38844156139200e+03	-2.36251035771487e+01	-1.69738469289533e+02
3.46736850452529e+03	-2.35224860959731e+01	-1.70802075521076e+02
3.54813389233573e+03	-2.34227647207920e+01	-1.71894197964819e+02
3.63078054770099e+03	-2.33260673578283e+01	-1.73014728428520e+02
3.71535229097170e+03	-2.32325226806324e+01	-1.74163534267064e+02
3.80189396320558e+03	-2.31422600113837e+01	-1.75340457564219e+02
3.89045144994278e+03	-2.30554091905486e+01	-1.76545314328786e+02
3.98107170553494e+03	-2.29721004347127e+01	-1.77777893711765e+02
4.07380277804110e+03	-2.28924641824922e+01	-1.79037957251426e+02
4.16869383470332e+03	-2.28166309285132e+01	1.79674761846606e+02
4.26579518801589e+03	-2.27447310455437e+01	1.78360559386951e+02
4.36515832240162e+03	-2.26768945949592e+01	1.77019760812346e+02
4.46683592150960e+03	-2.26132511258281e+01	1.75652721774288e+02
4.57088189614871e+03	-2.25539294630090e+01	1.74259828638947e+02
4.67735141287194e+03	-2.24990574847585e+01	1.72841498920900e+02
4.78630092322634e+03	-2.24487618904650e+01	1.71398181637371e+02
4.89778819368442e+03	-2.24031679592299e+01	1.69930357575853e+02
5.01187233627268e+03	-2.23623993001348e+01	1.68438539468271e+02
5.12861383991361e+03	-2.23265775951375e+01	1.66923272065197e+02
5.24807460249768e+03	-2.22958223356528e+01	1.65385132104067e+02
5.37031796370248e+03	-2.22702505539720e+01	1.63824728165851e+02
5.49540873857620e+03	-2.22499765507731e+01	1.62242700415232e+02
5.62341325190344e+03	-2.22351116200666e+01	1.60639720219996e+02
5.75439937337152e+03	-2.22257637729975e+01	1.59016489646082e+02
5.88843655355584e+03	-2.22220374620014e+01	1.57373740825544e+02
6.02559586074353e+03	-2.22240333068686e+01	1.55712235195514e+02
6.16595001861477e+03	-2.22318478243209e+01	1.54032762607215e+02
6.30957344480188e+03	-2.22455731627380e+01	1.52336140304972e+02
6.45654229034650e+03	-2.22652968436936e+01	1.50623211776206e+02
6.60693448007590e+03	-2.22911015119646e+01	1.48894845474409e+02
6.76082975391976e+03	-2.23230646956649e+01	1.47151933418106e+02
6.91830970918931e+03	-2.23612585781340e+01	1.45395389669866e+02
7.07945784384132e+03	-2.24057497831609e+01	1.43626148700459e+02
7.24435960074984e+03	-2.24565991750700e+01	1.41845163644230e+02
7.41310241300911e+03	-2.25138616751182e+01	1.40053404452773e+02
7.58577575029177e+03	-2.25775860955608e+01	1.38251855954877e+02
7.76247116628685e+03	-2.26478149926412e+01	1.36441515831619e+02
7.94328234724275e+03	-2.27245845396361e+01	1.34623392516260e+02
8.12830516164092e+03	-2.28079244209578e+01	1.32798503029335e+02
8.31763771102664e+03	-2.28978577481698e+01	1.30967870759945e+02
8.51138038202369e+03	-2.29944009986194e+01	1.29132523204833e+02
8.70963589956073e+03	-2.30975639772254e+01	1.27293489677205e+02
8.91250938133738e+03	-2.32073498017937e+01	1.25451798997634e+02
9.12010839355902e+03	-2.33237549120556e+01	1.23608477179545e+02
9.33254300796983e+03	-2.34467691024504e+01	1.21764545121895e+02
9.54992586021428e+03	-2.35763755784951e+01	1.19921016321608e+02
9.77237220955802e+03	-2.37125510364071e+01	1.18078894618186e+02
9.99999999999991e+03	-2.38552657654766e+01	1.16239171982631e+02
1.02329299228075e+04	-2.40044837725140e+01	1.14402826362425e+02
1.04712854805089e+04	-2.41601629275437e+01	1.12570819593821e+02
1.07151930523760e+04	-2.43222551297605e+01	1.10744095392079e+02
1.09647819614318e+04	-2.44907064926295e+01	1.08923577429608e+02
1.12201845430195e+04	-2.46654575468816e+01	1.07110167511147e+02
1.14815362149687e+04	-2.48464434600463e+01	1.05304743854300e+02
1.17489755493952e+04	-2.50335942710637e+01	1.03508159482771e+02
1.20226443461740e+04	-2.52268351384380e+01	1.01721240738701e+02
1.23026877081237e+04	-2.54260866003288e+01	9.99447859194595e+01
1.25892541179416e+04	-2.56312648449284e+01	9.81795640432182e+01
1.28824955169312e+04	-2.58422819894435e+01	9.64263137465635e+01
1.31825673855640e+04	-2.60590463659842e+01	9.46857423163540e+01
1.34896288259164e+04	-2.62814628126671e+01	9.29585248569775e+01
1.38038426460287e+04	-2.65094329682574e+01	9.12453035931421e+01
1.41253754462274e+04	-2.67428555687093e+01	8.95466873073547e+01
1.44543977074591e+04	-2.69816267440117e+01	8.78632509102968e+01
1.47910838816819e+04	-2.72256403138070e+01	8.61955351414295e+01
1.51356124843619e+04	-2.74747880803244e+01	8.45440463963379e+01
1.54881661891247e+04	-2.77289601172523e+01	8.29092566765792e+01
1.58489319246110e+04	-2.79880450532648e+01	8.12916036571258e+01
1.62181009735891e+04	-2.82519303490180e+01	7.96914908659023e+01
1.65958690743755e+04	-2.85205025665355e+01	7.81092879694048e+01
1.69824365246173e+04	-2.87936476300124e+01	7.65453311579661e+01
1.73780082874936e+04	-2.90712510771769e+01	7.49999236238841e+01
1.77827941003891e+04	-2.93531983004622e+01	7.34733361253727e+01
1.81970085860997e+04	-2.96393747773541e+01	7.19658076291099e+01
1.86208713666285e+04	-2.99296662893887e+01	7.04775460240556e+01
1.90546071796323e+04	-3.02239591293843e+01	6.90087288991748e+01
1.94984459975803e+04	-3.05221402965951e+01	6.75595043777396e+01
1.99526231496886e+04	-3.08240976795744e+01	6.61299920009755e+01
2.04173794466951e+04	-3.11297202266287e+01	6.47202836539716e+01
2.08929613085402e+04	-3.14388981038338e+01	6.33304445269738e+01
2.13796208950221e+04	-3.17515228406642e+01	6.19605141054268e+01
2.18776162394953e+04	-3.20674874633639e+01	6.06105071824086e+01
2.23872113856832e+04	-3.23866866162541e+01	5.92804148874197e+01
2.29086765276775e+04	-3.27090166712337e+01	5.79702057258200e+01
2.34422881531990e+04	-3.30343758257840e+01	5.66798266235689e+01
2.39883291901947e+04	-3.33626641898333e+01	5.54092039722892e+01
2.45470891568501e+04	-3.36937838618803e+01	5.41582446700587e+01
2.51188643150956e+04	-3.40276389948054e+01	5.29268371537101e+01
2.57039578276884e+04	-3.43641358518276e+01	5.17148524188073e+01
2.63026799189536e+04	-3.47031828530852e+01	5.05221450238390e+01
2.69153480392689e+04	-3.50446906133347e+01	4.93485540755426e+01
2.75422870333814e+04	-3.53885719712713e+01	4.81939041926310e+01
2.81838293126443e+04	-3.57347420109799e+01	4.70580064455394e+01
2.88403150312658e+04	-3.60831180760284e+01	4.59406592701432e+01
2.95120922666636e+04	-3.64336197767103e+01	4.48416493537101e+01
3.01995172040199e+04	-3.67861689909384e+01	4.37607524916510e+01
3.09029543251356e+04	-3.71406898592832e+01	4.26977344139076e+01
3.16227766016835e+04	-3.74971087746344e+01	4.16523515800802e+01
3.23593656929625e+04	-3.78553543669562e+01	4.06243519426338e+01
3.31131121482588e+04	-3.82153574835840e+01	3.96134756777466e+01
3.38844156139199e+04	-3.85770511654987e+01	3.86194558835621e+01
3.46736850452528e+04	-3.89403706199930e+01	3.76420192457929e+01
3.54813389233572e+04	-3.93052531901269e+01	3.66808866707859e+01
3.63078054770098e+04	-3.96716383213471e+01	3.57357738863071e+01
3.71535229097169e+04	-4.00394675256289e+01	3.48063920104352e+01
3.80189396320557e+04	-4.04086843434727e+01	3.38924480890650e+01
3.89045144994277e+04	-4.07792343040739e+01	3.29936456026244e+01
3.98107170553493e+04	-4.11510648839577e+01	3.21096849426892e+01
4.07380277804108e+04	-4.15241254643565e+01	3.12402638592589e+01
4.16869383470331e+04	-4.18983672875840e+01	3.03850778795078e+01
4.26579518801588e+04	-4.22737434126418e+01	2.95438206988826e+01
4.36515832240161e+04	-4.26502086702795e+01	2.87161845454510e+01
4.46683592150958e+04	-4.30277196177057e+01	2.79018605184368e+01
4.57088189614870e+04	-4.34062344931364e+01	2.71005389018976e+01
4.67735141287193e+04	-4.37857131703468e+01	2.63119094545132e+01
4.78630092322633e+04	-4.41661171133801e+01	2.55356616764625e+01
4.89778819368441e+04	-4.45474093315508e+01	2.47714850543617e+01
5.01187233627267e+04	-4.49295543348672e+01	2.40190692852371e+01
5.12861383991359e+04	-4.53125180899849e+01	2.32781044804928e+01
5.24807460249767e+04	-4.56962679767906e+01	2.25482813508217e+01
5.37031796370247e+04	-4.60807727457052e+01	2.18292913729908e+01
5.49540873857619e+04	-4.64660024757844e+01	2.11208269394127e+01
5.62341325190343e+04	-4.68519285336846e+01	2.04225814913923e+01
5.75439937337151e+04	-4.72385235335554e+01	1.97342496369140e+01
5.88843655355583e+04	-4.76257612979078e+01	1.90555272538099e+01
6.02559586074351e+04	-4.80136168195045e+01	1.83861115791212e+01
6.16595001861475e+04	-4.84020662243078e+01	1.77257012854399e+01
6.30957344480186e+04	-4.87910867355167e+01	1.70739965449864e+01
6.45654229034648e+04	-4.91806566387177e+01	1.64306990821541e+01
6.60693448007589e+04	-4.95707552481704e+01	1.57955122152204e+01
6.76082975391974e+04	-4.99613628742415e+01	1.51681408878966e+01
6.91830970918929e+04	-5.03524607920011e+01	1.45482916913624e+01
7.07945784384130e+04	-5.07440312109856e+01	1.39356728773996e+01
7.24435960074982e+04	-5.11360572461344e+01	1.33299943632172e+01
7.41310241300909e+04	-5.15285228898996e+01	1.27309677285305e+01
7.58577575029175e+04	-5.19214129855286e+01	1.21383062054319e+01
7.76247116628683e+04	-5.23147132015162e+01	1.15517246615691e+01
7.94328234724272e+04	-5.27084100072199e+01	1.09709395771187e+01
8.12830516164090e+04	-5.31024906496333e+01	1.03956690160249e+01
8.31763771102661e+04	-5.34969431313070e+01	9.82563259194750e+00
8.51138038202367e+04	-5.38917561894097e+01	9.26055142934657e+00
8.70963589956071e+04	-5.42869192759178e+01	8.70014812010957e+00
8.91250938133735e+04	-5.46824225389232e+01	8.14414667610899e+00
9.12010839355899e+04	-5.50782568050476e+01	7.59227247806233e+00
9.33254300796980e+04	-5.54744135629508e+01	7.04425222104961e+00
9.54992586021425e+04	-5.58708849479217e+01	6.49981385702930e+00
9.77237220955799e+04	-5.62676637275393e+01	5.95868653468003e+00
9.99999999999988e+04	-5.66647432883911e+01	5.42060053688302e+00
1.02329299228074e+05	-5.70621176238376e+01	4.88528721614920e+00
1.04712854805089e+05	-5.74597813228094e+01	4.35247892828489e+00
1.07151930523759e+05	-5.78577295596269e+01	3.82190896458103e+00
1.09647819614317e+05	-5.82559580848301e+01	3.29331148280352e+00
1.12201845430195e+05	-5.86544632170073e+01	2.76642143725550e+00
1.14815362149687e+05	-5.90532418356127e+01	2.24097450817706e+00
1.17489755493952e+05	-5.94522913747616e+01	1.71670703074387e+00
1.20226443461740e+05	-5.98516098179954e+01	1.19335592392280e+00
1.23026877081237e+05	-6.02511956940032e+01	6.70658619440781e-01
1.25892541179415e+05	-6.06510480732958e+01	1.48352991122396e-01
1.28824955169312e+05	-6.10511665658193e+01	-3.73822715148170e-01
1.31825673855639e+05	-6.14515513195025e+01	-8.96129950583757e-01
1.34896288259164e+05	-6.18522030197296e+01	-1.41882993150991e+00
1.38038426460287e+05	-6.22531228897300e+01	-1.94218370597640e+00
1.41253754462274e+05	-6.26543126918790e+01	-2.46645221869686e+00
1.44543977074591e+05	-6.30557747299014e+01	-2.99189637404267e+00
1.47910838816819e+05	-6.34575118519708e+01	-3.51877709681071e+00
1.51356124843619e+05	-6.38595274546982e+01	-4.04735539047637e+00
1.54881661891246e+05	-6.42618254880021e+01	-4.57789239263411e+00
1.58489319246109e+05	-6.46644104608525e+01	-5.11064942731786e+00
1.62181009735891e+05	-6.50672874478818e+01	-5.64588805388211e+00
1.65958690743754e+05	-6.54704620968531e+01	-6.18387011211232e+00
1.69824365246172e+05	-6.58739406369784e+01	-6.72485776322011e+00
1.73780082874935e+05	-6.62777298880749e+01	-7.26911352636377e+00
1.77827941003890e+05	-6.66818372705503e+01	-7.81690031031998e+00
1.81970085860996e+05	-6.70862708162042e+01	-8.36848143991548e+00
1.86208713666284e+05	-6.74910391798316e+01	-8.92412067681068e+00
1.90546071796322e+05	-6.78961516516146e+01	-9.48408223420853e+00
1.94984459975802e+05	-6.83016181702826e+01	-1.00486307850433e+01
1.99526231496885e+05	-6.87074493370244e+01	-1.06180314631833e+01
2.04173794466950e+05	-6.91136564301272e+01	-1.11925498571622e+01
2.08929613085401e+05	-6.95202514203200e+01	-1.17724519959300e+01
2.13796208950220e+05	-6.99272469867905e+01	-1.23580043260966e+01
2.18776162394952e+05	-7.03346565338461e+01	-1.29494736801134e+01
2.23872113856831e+05	-7.07424942081813e+01	-1.35471272348220e+01
2.29086765276774e+05	-7.11507749167110e+01	-1.41512324597703e+01
2.34422881531989e+05	-7.15595143449255e+01	-1.47620570546771e+01
2.39883291901946e+05	-7.19687289757155e+01	-1.53798688754045e+01
2.45470891568500e+05	-7.23784361086108e+01	-1.60049358477704e+01
2.51188643150955e+05	-7.27886538793683e+01	-1.66375258685184e+01
2.57039578276883e+05	-7.31994012798419e+01	-1.72779066927365e+01
2.63026799189535e+05	-7.36106981780534e+01	-1.79263458069998e+01
2.69153480392688e+05	-7.40225653383807e+01	-1.85831102874933e+01
2.75422870333813e+05	-7.44350244417682e+01	-1.92484666423560e+01
2.81838293126442e+05	-7.48480981058546e+01	-1.99226806374734e+01
2.88403150312657e+05	-7.52618099049051e+01	-2.06060171049356e+01
2.95120922666635e+05	-7.56761843894220e+01	-2.12987397333706e+01
3.01995172040197e+05	-7.60912471052992e+01	-2.20011108393596e+01
3.09029543251355e+05	-7.65070246123702e+01	-2.27133911191419e+01
3.16227766016834e+05	-7.69235445021912e+01	-2.34358393798232e+01
3.23593656929624e+05	-7.73408354148831e+01	-2.41687122493143e+01
3.31131121482586e+05	-7.77589270548462e+01	-2.49122638642433e+01
3.38844156139198e+05	-7.81778502051438e+01	-2.56667455351135e+01
3.46736850452527e+05	-7.85976367403387e+01	-2.64324053880099e+01
3.54813389233570e+05	-7.90183196375491e+01	-2.72094879822017e+01
3.63078054770096e+05	-7.94399329854764e+01	-2.79982339030407e+01
3.71535229097167e+05	-7.98625119911401e+01	-2.87988793296170e+01
3.80189396320556e+05	-8.02860929840400e+01	-2.96116555767088e+01
3.89045144994275e+05	-8.07107134174492e+01	-3.04367886106514e+01
3.98107170553492e+05	-8.11364118665260e+01	-3.12744985388465e+01
4.07380277804107e+05	-8.15632280229168e+01	-3.21249990727511e+01
4.16869383470329e+05	-8.19912026855075e+01	-3.29884969643132e+01
4.26579518801586e+05	-8.24203777469668e+01	-3.38651914159634e+01
4.36515832240160e+05	-8.28507961757110e+01	-3.47552734644370e+01
4.46683592150957e+05	-8.32825019929096e+01	-3.56589253388749e+01
4.57088189614868e+05	-8.37155402441391e+01	-3.65763197938482e+01
4.67735141287191e+05	-8.41499569652852e+01	-3.75076194181646e+01
4.78630092322631e+05	-8.45857991422893e+01	-3.84529759205431e+01
4.89778819368439e+05	-8.50231146643282e+01	-3.94125293934905e+01
5.01187233627265e+05	-8.54619522700219e+01	-4.03864075569790e+01
5.12861383991357e+05	-8.59023614862623e+01	-4.13747249838036e+01
5.24807460249765e+05	-8.63443925592677e+01	-4.23775823087920e+01
5.37031796370245e+05	-8.67880963774783e+01	-4.33950654243497e+01
5.49540873857616e+05	-8.72335243859261e+01	-4.44272446651437e+01
5.62341325190341e+05	-8.76807284917347e+01	-4.54741739850573e+01
5.75439937337148e+05	-8.81297609604328e+01	-4.65358901298849e+01
5.88843655355580e+05	-8.85806743028016e+01	-4.76124118095772e+01
6.02559586074349e+05	-8.90335211520147e+01	-4.87037388741845e+01
6.16595001861473e+05	-8.94883541308809e+01	-4.98098514979846e+01
6.30957344480184e+05	-8.99452257090517e+01	-5.09307093766054e+01
6.45654229034646e+05	-9.04041880501228e+01	-5.20662509422655e+01
6.60693448007586e+05	-9.08652928486233e+01	-5.32163926025506e+01
6.76082975391971e+05	-9.13285911569707e+01	-5.43810280084077e+01
6.91830970918926e+05	-9.17941332025477e+01	-5.55600273572778e+01
7.07945784384127e+05	-9.22619681951544e+01	-5.67532367374843e+01
7.24435960074979e+05	-9.27321441251844e+01	-5.79604775201467e+01
7.41310241300906e+05	-9.32047075529809e+01	-5.91815458049951e+01
7.58577575029172e+05	-9.36797033899335e+01	-6.04162119265028e+01
7.76247116628680e+05	-9.41571746719991e+01	-6.16642200267391e+01
7.94328234724269e+05	-9.46371623264383e+01	-6.29252877012585e+01
8.12830516164087e+05	-9.51197049326862e+01	-6.41991057241823e+01
8.31763771102658e+05	-9.56048384783914e+01	-6.54853378583931e+01
8.51138038202363e+05	-9.60925961117808e+01	-6.67836207564444e+01
8.70963589956067e+05	-9.65830078916205e+01	-6.80935639573917e+01
8.91250938133732e+05	-9.70761005361591e+01	-6.94147499842661e+01
9.12010839355895e+05	-9.75718971725437e+01	-7.07467345463517e+01
9.33254300796976e+05	-9.80704170882981e+01	-7.20890468497858e+01
9.54992586021421e+05	-9.85716754865393e+01	-7.34411900192819e+01
9.77237220955795e+05	-9.90756832466861e+01	-7.48026416329955e+01
9.99999999999984e+05	-9.95824466924719e+01	-7.61728543717022e+01
1.02329299228074e+06	-1.00091967369124e+02	-7.75512567825629e+01
1.04712854805088e+06	-1.00604241831598e+02	-7.89372541568135e+01
1.07151930523759e+06	-1.01119261445758e+02	-8.03302295197503e+01
1.09647819614317e+06	-1.01637012204408e+02	-8.17295447304026e+01
1.12201845430195e+06	-1.02157474560006e+02	-8.31345416873035e+01
1.14815362149686e+06	-1.02680623275893e+02	-8.45445436358085e+01
1.17489755493951e+06	-1.03206427297740e+02	-8.59588565714738e+01
1.20226443461739e+06	-1.03734849646866e+02	-8.73767707331218e+01
1.23026877081236e+06	-1.04265847336940e+02	-8.87975621783955e+01
1.25892541179415e+06	-1.04799371315439e+02	-9.02204944338494e+01
1.28824955169311e+06	-1.05335366431097e+02	-9.16448202109665e+01
1.31825673855639e+06	-1.05873771428394e+02	-9.30697831789227e+01
1.34896288259163e+06	-1.06414518969939e+02	-9.44946197844675e+01
1.38038426460286e+06	-1.06957535687425e+02	-9.59185611089486e+01
1.41253754462273e+06	-1.07502742261592e+02	-9.73408347522878e+01
1.44543977074590e+06	-1.08050053531419e+02	-9.87606667336184e+01
1.47910838816818e+06	-1.08599378632571e+02	-1.00177283398313e+02
1.51356124843618e+06	-1.09150621164842e+02	-1.01589913321279e+02
1.54881661891246e+06	-1.09703679388156e+02	-1.02997789196629e+02
1.58489319246109e+06	-1.10258446446433e+02	-1.04400149704229e+02
1.62181009735890e+06	-1.10814810618417e+02	-1.05796241344015e+02
1.65958690743753e+06	-1.11372655594332e+02	-1.07185320229552e+02
1.69824365246172e+06	-1.11931860777065e+02	-1.08566653832870e+02
1.73780082874935e+06	-1.12492301606330e+02	-1.09939522673257e+02
1.77827941003889e+06	-1.13053849904143e+02	-1.11303221943391e+02
1.81970085860995e+06	-1.13616374239738e+02	-1.12657063066871e+02
1.86208713666284e+06	-1.14179740311924e+02	-1.14000375181928e+02
1.90546071796322e+06	-1.14743811346748e+02	-1.15332506546804e+02
1.94984459975801e+06	-1.15308448508241e+02	-1.16652825862947e+02
1.99526231496885e+06	-1.15873511319898e+02	-1.17960723512849e+02
2.04173794466950e+06	-1.16438858094506e+02	-1.19255612709921e+02
2.08929613085400e+06	-1.17004346369876e+02	-1.20536930558413e+02
2.13796208950220e+06	-1.17569833347986e+02	-1.21804139021837e+02
2.18776162394952e+06	-1.18135176335061e+02	-1.23056725798848e+02
2.23872113856830e+06	-1.18700233180101e+02	-1.24294205105915e+02
2.29086765276773e+06	-1.19264862709409e+02	-1.25516118366453e+02
2.34422881531988e+06	-1.19828925154709e+02	-1.26722034806392e+02
2.39883291901945e+06	-1.20392282572509e+02	-1.27911551956403e+02
2.45470891568499e+06	-1.20954799252454e+02	-1.29084296061211e+02
2.51188643150954e+06	-1.21516342112482e+02	-1.30239922396608e+02
2.57039578276882e+06	-1.22076781078748e+02	-1.31378115494942e+02
2.63026799189534e+06	-1.22635989448366e+02	-1.32498589280007e+02
2.69153480392687e+06	-1.23193844233181e+02	-1.33601087112411e+02
2.75422870333812e+06	-1.23750226482932e+02	-1.34685381746640e+02
2.81838293126441e+06	-1.24305021586304e+02	-1.35751275201208e+02
2.88403150312656e+06	-1.24858119548580e+02	-1.36798598543478e+02
2.95120922666634e+06	-1.25409415244732e+02	-1.37827211590907e+02
3.00000000000000e+06	-1.25800852911589e+02	-1.38548244161423e+02