Frequenza	                 Ampiezza dB             FASE gradi
1.00000000000000e+02	-3.02931961235580e+01	-9.01928445557353e+01
1.25892541179417e+02	-2.82932244172484e+01	-9.02427763890129e+01
1.58489319246111e+02	-2.62932692593483e+01	-9.03056363225420e+01
1.99526231496888e+02	-2.42933403283388e+01	-9.03847712522502e+01
2.51188643150958e+02	-2.22934529627163e+01	-9.04843941552196e+01
3.16227766016838e+02	-2.02936314701917e+01	-9.06098078274022e+01
3.98107170553497e+02	-1.82939143704480e+01	-9.07676860426710e+01
5.01187233627272e+02	-1.62943626993990e+01	-9.09664264939186e+01
6.30957344480193e+02	-1.42950731581258e+01	-9.12165930916152e+01
7.94328234724282e+02	-1.22961989213432e+01	-9.15314687433634e+01
1.00000000000000e+03	-1.02979825383505e+01	-9.19277432142879e+01
1.25892541179417e+03	-8.30080788139121e+00	-9.24263630839400e+01
1.58489319246111e+03	-6.30528198723791e+00	-9.30535699945625e+01
1.99526231496888e+03	-4.31236354050132e+00	-9.38421448017422e+01
2.51188643150958e+03	-2.32356344999546e+00	-9.48328498527345e+01
3.16227766016838e+03	-3.41255166111385e-01	-9.60760020732020e+01
3.98107170553498e+03	1.63085212926880e+00	-9.76329841384277e+01
5.01187233627273e+03	3.58700882704709e+00	-9.95772562643772e+01
6.30957344480194e+03	5.51841585669029e+00	-1.01993989707377e+02
7.94328234724282e+03	7.41187459210484e+00	-1.04976731284770e+02
1.00000000000000e+04	9.24819516354840e+00	-1.08618577623849e+02
1.25892541179417e+04	1.10007892136760e+01	-1.12994690106157e+02
1.58489319246111e+04	1.26354398792237e+01	-1.18134107771027e+02
1.99526231496888e+04	1.41128218849657e+01	-1.23984266217794e+02
2.51188643150958e+04	1.53951116740235e+01	-1.30382478151657e+02
3.16227766016838e+04	1.64558831687524e+01	-1.37058110214139e+02
3.98107170553498e+04	1.72889716297715e+01	-1.43681283966988e+02
5.01187233627273e+04	1.79107507583159e+01	-1.49943025057244e+02
6.30957344480194e+04	1.83542018638001e+01	-1.55624986958362e+02
7.94328234724283e+04	1.86588232363056e+01	-1.60626246252039e+02
1.00000000000000e+05	1.88619250966540e+01	-1.64948472324059e+02
1.25892541179417e+05	1.89939783867748e+01	-1.68662169058990e+02
1.58489319246112e+05	1.90775362113606e+01	-1.71874385917937e+02
1.99526231496888e+05	1.91280874397133e+01	-1.74706585999406e+02
2.51188643150958e+05	1.91554875277511e+01	-1.77282833460290e+02
3.16227766016838e+05	1.91652365036455e+01	-1.79725337560189e+02
3.98107170553498e+05	1.91593185982584e+01	1.77845711402143e+02
5.01187233627273e+05	1.91365276026371e+01	1.75310339994148e+02
6.30957344480194e+05	1.90922676578450e+01	1.72546789632789e+02
7.94328234724283e+05	1.90178345948986e+01	1.69431015870592e+02
1.00000000000000e+06	1.88992286588852e+01	1.65839843823477e+02
1.25892541179417e+06	1.87157149130630e+01	1.61660686986671e+02
1.58489319246112e+06	1.84387309181116e+01	1.56810989651052e+02
1.99526231496888e+06	1.80323464158285e+01	1.51268409735509e+02
2.51188643150959e+06	1.74569312142388e+01	1.45105625462677e+02
3.16227766016839e+06	1.66769837187623e+01	1.38511982153844e+02
3.98107170553498e+06	1.56713310771535e+01	1.31778001885025e+02
5.01187233627273e+06	1.44405851736699e+01	1.25234093957659e+02
6.30957344480195e+06	1.30069301089516e+01	1.19168626557957e+02
7.94328234724283e+06	1.14063982569668e+01	1.13768729809715e+02
1.00000000000000e+07	9.67870577459781e+00	1.09107314928171e+02
1.25892541179417e+07	7.85964743834147e+00	1.05166263898047e+02
1.58489319246112e+07	5.97766601992712e+00	1.01871730247445e+02
1.99526231496888e+07	4.05356980728314e+00	9.91243648775006e+01
2.51188643150959e+07	2.10176022929484e+00	9.68188520799672e+01
3.16227766016839e+07	1.31816178837293e-01	9.48539611628201e+01
3.98107170553498e+07	-1.85011104498183e+00	9.31362320579114e+01
5.01187233627274e+07	-3.84025579551056e+00	9.15800048762864e+01
6.30957344480195e+07	-5.83654320179279e+00	9.01055670430701e+01
7.94328234724284e+07	-7.83818764650150e+00	8.86364193989866e+01
1.00000000000000e+08	-9.84553722956427e+00	8.70961828609868e+01