Freq [hz]	                ampiezza [dB]               fasi [gradi]  
1.00000000000000e+01	2.16024624674816e+01	-3.18899264319316e-02
1.02329299228075e+01	2.16024686082390e+01	-3.26332744426880e-02
1.04712854805090e+01	2.16024750383027e+01	-3.33939755932180e-02
1.07151930523761e+01	2.16024817712975e+01	-3.41724368311202e-02
1.09647819614319e+01	2.16024888214898e+01	-3.49690747789337e-02
1.12201845430196e+01	2.16024962038173e+01	-3.57843159734994e-02
1.14815362149688e+01	2.16025039339203e+01	-3.66185971118668e-02
1.17489755493953e+01	2.16025120281752e+01	-3.74723653040525e-02
1.20226443461741e+01	2.16025205037290e+01	-3.83460783327732e-02
1.23026877081238e+01	2.16025293785351e+01	-3.92402049205125e-02
1.25892541179417e+01	2.16025386713915e+01	-4.01552250040655e-02
1.28824955169313e+01	2.16025484019804e+01	-4.10916300169647e-02
1.31825673855641e+01	2.16025585909098e+01	-4.20499231798975e-02
1.34896288259165e+01	2.16025692597566e+01	-4.30306197996098e-02
1.38038426460288e+01	2.16025804311124e+01	-4.40342475764111e-02
1.41253754462275e+01	2.16025921286309e+01	-4.50613469207667e-02
1.44543977074593e+01	2.16026043770779e+01	-4.61124712792251e-02
1.47910838816821e+01	2.16026172023833e+01	-4.71881874700519e-02
1.51356124843621e+01	2.16026306316957e+01	-4.82890760290089e-02
1.54881661891248e+01	2.16026446934394e+01	-4.94157315655616e-02
1.58489319246111e+01	2.16026594173745e+01	-5.05687631300844e-02
1.62181009735893e+01	2.16026748346590e+01	-5.17487945923612e-02
1.65958690743756e+01	2.16026909779149e+01	-5.29564650319136e-02
1.69824365246174e+01	2.16027078812960e+01	-5.41924291406605e-02
1.73780082874937e+01	2.16027255805600e+01	-5.54573576383850e-02
1.77827941003892e+01	2.16027441131435e+01	-5.67519377015846e-02
1.81970085860998e+01	2.16027635182406e+01	-5.80768734062072e-02
1.86208713666287e+01	2.16027838368848e+01	-5.94328861850181e-02
1.90546071796325e+01	2.16028051120350e+01	-6.08207153000694e-02
1.94984459975804e+01	2.16028273886656e+01	-6.22411183310948e-02
1.99526231496888e+01	2.16028507138607e+01	-6.36948716804041e-02
2.04173794466953e+01	2.16028751369121e+01	-6.51827710951778e-02
2.08929613085404e+01	2.16029007094228e+01	-6.67056322078359e-02
2.13796208950223e+01	2.16029274854144e+01	-6.82642910953905e-02
2.18776162394955e+01	2.16029555214400e+01	-6.98596048586378e-02
2.23872113856834e+01	2.16029848767020e+01	-7.14924522222125e-02
2.29086765276777e+01	2.16030156131755e+01	-7.31637341563782e-02
2.34422881531992e+01	2.16030477957374e+01	-7.48743745217230e-02
2.39883291901949e+01	2.16030814923009e+01	-7.66253207378557e-02
2.45470891568503e+01	2.16031167739571e+01	-7.84175444772557e-02
2.51188643150958e+01	2.16031537151222e+01	-8.02520423856074e-02
2.57039578276886e+01	2.16031923936922e+01	-8.21298368298878e-02
2.63026799189538e+01	2.16032328912035e+01	-8.40519766756684e-02
2.69153480392691e+01	2.16032752930023e+01	-8.60195380951870e-02
2.75422870333816e+01	2.16033196884207e+01	-8.80336254076567e-02
2.81838293126445e+01	2.16033661709608e+01	-9.00953719536778e-02
2.88403150312660e+01	2.16034148384879e+01	-9.22059410054178e-02
2.95120922666638e+01	2.16034657934315e+01	-9.43665267145687e-02
3.01995172040201e+01	2.16035191429958e+01	-9.65783551000858e-02
3.09029543251359e+01	2.16035749993801e+01	-9.88426850778594e-02
3.16227766016838e+01	2.16036334800084e+01	-1.01160809534639e-01
3.23593656929628e+01	2.16036947077695e+01	-1.03534056448686e-01
3.31131121482591e+01	2.16037588112681e+01	-1.05963790059645e-01
3.38844156139202e+01	2.16038259250866e+01	-1.08451412090541e-01
3.46736850452531e+01	2.16038961900596e+01	-1.10998363024726e-01
3.54813389233575e+01	2.16039697535587e+01	-1.13606123440962e-01
3.63078054770101e+01	2.16040467697921e+01	-1.16276215409900e-01
3.71535229097172e+01	2.16041274001156e+01	-1.19010203955582e-01
3.80189396320561e+01	2.16042118133585e+01	-1.21809698585613e-01
3.89045144994280e+01	2.16043001861628e+01	-1.24676354894082e-01
3.98107170553497e+01	2.16043927033380e+01	-1.27611876241386e-01
4.07380277804112e+01	2.16044895582304e+01	-1.30618015515598e-01
4.16869383470335e+01	2.16045909531099e+01	-1.33696576980077e-01
4.26579518801592e+01	2.16046970995712e+01	-1.36849418212468e-01
4.36515832240165e+01	2.16048082189546e+01	-1.40078452140534e-01
4.46683592150962e+01	2.16049245427829e+01	-1.43385649180555e-01
4.57088189614874e+01	2.16050463132177e+01	-1.46773039484531e-01
4.67735141287197e+01	2.16051737835349e+01	-1.50242715302536e-01
4.78630092322638e+01	2.16053072186199e+01	-1.53796833467427e-01
4.89778819368445e+01	2.16054468954834e+01	-1.57437618009046e-01
5.01187233627271e+01	2.16055931037991e+01	-1.61167362905864e-01
5.12861383991364e+01	2.16057461464629e+01	-1.64988434982453e-01
5.24807460249772e+01	2.16059063401749e+01	-1.68903276961484e-01
5.37031796370252e+01	2.16060740160455e+01	-1.72914410679926e-01
5.49540873857623e+01	2.16062495202255e+01	-1.77024440479011e-01
5.62341325190348e+01	2.16064332145612e+01	-1.81236056779113e-01
5.75439937337156e+01	2.16066254772754e+01	-1.85552039850272e-01
5.88843655355588e+01	2.16068267036749e+01	-1.89975263790755e-01
6.02559586074357e+01	2.16070373068859e+01	-1.94508700726031e-01
6.16595001861481e+01	2.16072577186161e+01	-1.99155425241680e-01
6.30957344480192e+01	2.16074883899473e+01	-2.03918619064619e-01
6.45654229034654e+01	2.16077297921557e+01	-2.08801576007613e-01
6.60693448007595e+01	2.16079824175637e+01	-2.13807707193079e-01
6.76082975391980e+01	2.16082467804216e+01	-2.18940546573242e-01
6.91830970918935e+01	2.16085234178209e+01	-2.24203756764401e-01
7.07945784384136e+01	2.16088128906395e+01	-2.29601135214467e-01
7.24435960074988e+01	2.16091157845191e+01	-2.35136620723678e-01
7.41310241300916e+01	2.16094327108754e+01	-2.40814300339793e-01
7.58577575029182e+01	2.16097643079414e+01	-2.46638416650091e-01
7.76247116628690e+01	2.16101112418441e+01	-2.52613375493767e-01
7.94328234724279e+01	2.16104742077147e+01	-2.58743754119669e-01
8.12830516164097e+01	2.16108539308318e+01	-2.65034309815722e-01
8.31763771102669e+01	2.16112511677989e+01	-2.71489989037424e-01
8.51138038202374e+01	2.16116667077544e+01	-2.78115937064668e-01
8.70963589956078e+01	2.16121013736144e+01	-2.84917508217478e-01
8.91250938133743e+01	2.16125560233477e+01	-2.91900276662556e-01
9.12010839355907e+01	2.16130315512823e+01	-2.99070047844392e-01
9.33254300796988e+01	2.16135288894416e+01	-3.06432870576196e-01
9.54992586021433e+01	2.16140490089106e+01	-3.13995049827439e-01
9.77237220955808e+01	2.16145929212280e+01	-3.21763160246573e-01
9.99999999999997e+01	2.16151616798051e+01	-3.29744060459204e-01
1.02329299228075e+02	2.16157563813670e+01	-3.37944908183321e-01
1.04712854805090e+02	2.16163781674150e+01	-3.46373176205501e-01
1.07151930523760e+02	2.16170282257065e+01	-3.55036669263003e-01
1.09647819614318e+02	2.16177077917481e+01	-3.63943541878734e-01
1.12201845430196e+02	2.16184181503002e+01	-3.73102317197337e-01
1.14815362149688e+02	2.16191606368858e+01	-3.82521906872638e-01
1.17489755493953e+02	2.16199366393009e+01	-3.92211632057406e-01
1.20226443461741e+02	2.16207475991184e+01	-4.02181245548509e-01
1.23026877081238e+02	2.16215950131813e+01	-4.12440955140981e-01
1.25892541179416e+02	2.16224804350766e+01	-4.23001448246197e-01
1.28824955169313e+02	2.16234054765821e+01	-4.33873917829507e-01
1.31825673855640e+02	2.16243718090781e+01	-4.45070089724083e-01
1.34896288259165e+02	2.16253811649134e+01	-4.56602251376988e-01
1.38038426460288e+02	2.16264353387152e+01	-4.68483282084461e-01
1.41253754462275e+02	2.16275361886315e+01	-4.80726684772475e-01
1.44543977074592e+02	2.16286856374929e+01	-4.93346619377725e-01
1.47910838816820e+02	2.16298856738794e+01	-5.06357937883233e-01
1.51356124843620e+02	2.16311383530785e+01	-5.19776221060870e-01
1.54881661891248e+02	2.16324457979158e+01	-5.33617816970035e-01
1.58489319246111e+02	2.16338101994426e+01	-5.47899881259520e-01
1.62181009735892e+02	2.16352338174597e+01	-5.62640419314884e-01
1.65958690743755e+02	2.16367189808577e+01	-5.77858330288972e-01
1.69824365246174e+02	2.16382680877505e+01	-5.93573453048078e-01
1.73780082874937e+02	2.16398836053801e+01	-6.09806614058616e-01
1.77827941003892e+02	2.16415680697651e+01	-6.26579677231945e-01
1.81970085860998e+02	2.16433240850684e+01	-6.43915595735702e-01
1.86208713666286e+02	2.16451543226534e+01	-6.61838465769209e-01
1.90546071796324e+02	2.16470615198009e+01	-6.80373582289537e-01
1.94984459975804e+02	2.16490484780528e+01	-6.99547496660407e-01
1.99526231496887e+02	2.16511180611518e+01	-7.19388076181954e-01
2.04173794466952e+02	2.16532731925406e+01	-7.39924565442331e-01
2.08929613085403e+02	2.16555168523858e+01	-7.61187649413926e-01
2.13796208950222e+02	2.16578520740891e+01	-7.83209518196137e-01
2.18776162394954e+02	2.16602819402480e+01	-8.06023933285410e-01
2.23872113856833e+02	2.16628095780260e+01	-8.29666295227925e-01
2.29086765276776e+02	2.16654381538944e+01	-8.54173712485199e-01
2.34422881531991e+02	2.16681708677038e+01	-8.79585071313962e-01
2.39883291901948e+02	2.16710109460467e+01	-9.05941106432209e-01
2.45470891568502e+02	2.16739616348716e+01	-9.33284472211038e-01
2.51188643150957e+02	2.16770261913089e+01	-9.61659814098231e-01
2.57039578276885e+02	2.16802078746725e+01	-9.91113839944341e-01
2.63026799189537e+02	2.16835099366004e+01	-1.02169539086522e+00
2.69153480392690e+02	2.16869356103019e+01	-1.05345551123708e+00
2.75422870333816e+02	2.16904880988807e+01	-1.08644751738123e+00
2.81838293126444e+02	2.16941705627094e+01	-1.12072706445691e+00
2.88403150312659e+02	2.16979861058313e+01	-1.15635221104105e+00
2.95120922666637e+02	2.17019377613759e+01	-1.19338348083516e+00
3.01995172040200e+02	2.17060284759772e+01	-1.23188392090232e+00
3.09029543251358e+02	2.17102610931928e+01	-1.27191915580169e+00
3.16227766016837e+02	2.17146383359286e+01	-1.31355743695423e+00
3.23593656929627e+02	2.17191627878859e+01	-1.35686968654475e+00
3.31131121482590e+02	2.17238368740537e+01	-1.40192953523941e+00
3.38844156139201e+02	2.17286628402839e+01	-1.44881335297847e+00
3.46736850452530e+02	2.17336427319970e+01	-1.49760027209029e+00
3.54813389233574e+02	2.17387783720789e+01	-1.54837220196727e+00
3.63078054770100e+02	2.17440713380441e+01	-1.60121383454598e+00
3.71535229097171e+02	2.17495229385524e+01	-1.65621263984752e+00
3.80189396320559e+02	2.17551341893857e+01	-1.71345885085581e+00
3.89045144994279e+02	2.17609057890007e+01	-1.77304543704757e+00
3.98107170553495e+02	2.17668380937932e+01	-1.83506806593480e+00
4.07380277804111e+02	2.17729310932238e+01	-1.89962505204178e+00
4.16869383470333e+02	2.17791843849684e+01	-1.96681729281477e+00
4.26579518801591e+02	2.17855971502734e+01	-2.03674819105187e+00
4.36515832240164e+02	2.17921681297074e+01	-2.10952356354669e+00
4.46683592150961e+02	2.17988955995135e+01	-2.18525153575857e+00
4.57088189614873e+02	2.18057773487794e+01	-2.26404242245811e+00
4.67735141287196e+02	2.18128106576462e+01	-2.34600859444377e+00
4.78630092322636e+02	2.18199922767885e+01	-2.43126433158849e+00
4.89778819368444e+02	2.18273184083986e+01	-2.51992566264627e+00
5.01187233627270e+02	2.18347846889097e+01	-2.61211019243213e+00
5.12861383991362e+02	2.18423861736889e+01	-2.70793691717747e+00
5.24807460249770e+02	2.18501173239270e+01	-2.80752602905686e+00
5.37031796370250e+02	2.18579719959388e+01	-2.91099871107705e+00
5.49540873857622e+02	2.18659434330758e+01	-3.01847692371209e+00
5.62341325190346e+02	2.18740242604348e+01	-3.13008318485589e+00
5.75439937337154e+02	2.18822064825205e+01	-3.24594034484010e+00
5.88843655355586e+02	2.18904814840002e+01	-3.36617135843006e+00
6.02559586074355e+02	2.18988400336501e+01	-3.49089905585564e+00
6.16595001861479e+02	2.19072722915675e+01	-3.62024591505944e+00
6.30957344480190e+02	2.19157678196799e+01	-3.75433383744138e+00
6.45654229034652e+02	2.19243155955462e+01	-3.89328392944837e+00
6.60693448007592e+02	2.19329040294012e+01	-4.03721629239430e+00
6.76082975391978e+02	2.19415209843548e+01	-4.18624982289668e+00
6.91830970918933e+02	2.19501537996094e+01	-4.34050202628223e+00
7.07945784384134e+02	2.19587893165197e+01	-4.50008884523975e+00
7.24435960074986e+02	2.19674139072726e+01	-4.66512450588866e+00
7.41310241300914e+02	2.19760135059279e+01	-4.83572138328213e+00
7.58577575029180e+02	2.19845736415188e+01	-5.01198988817965e+00
7.76247116628688e+02	2.19930794728795e+01	-5.19403837670476e+00
7.94328234724277e+02	2.20015158248342e+01	-5.38197308425573e+00
8.12830516164095e+02	2.20098672253574e+01	-5.57589808475960e+00
8.31763771102666e+02	2.20181179432964e+01	-5.77591527606470e+00
8.51138038202372e+02	2.20262520262280e+01	-5.98212439195071e+00
8.70963589956076e+02	2.20342533380205e+01	-6.19462304091222e+00
8.91250938133741e+02	2.20421055956624e+01	-6.41350677154108e+00
9.12010839355905e+02	2.20497924049308e+01	-6.63886916400509e+00
9.33254300796986e+02	2.20572972944789e+01	-6.87080194679969e+00
9.54992586021431e+02	2.20646037479412e+01	-7.10939513764223e+00
9.77237220955805e+02	2.20716952336779e+01	-7.35473720708930e+00
9.99999999999994e+02	2.20785552318070e+01	-7.60691526319382e+00
1.02329299228075e+03	2.20851672582049e+01	-7.86601525528081e+00
1.04712854805089e+03	2.20915148851949e+01	-8.13212219471741e+00
1.07151930523760e+03	2.20975817586782e+01	-8.40532039038090e+00
1.09647819614318e+03	2.21033516115081e+01	-8.68569369639513e+00
1.12201845430196e+03	2.21088082729471e+01	-8.97332576960879e+00
1.14815362149688e+03	2.21139356740923e+01	-9.26830033422891e+00
1.17489755493952e+03	2.21187178491972e+01	-9.57070145099968e+00
1.20226443461741e+03	2.21231389328590e+01	-9.88061378832904e+00
1.23026877081237e+03	2.21271831530830e+01	-1.01981228928088e+01
1.25892541179416e+03	2.21308348202722e+01	-1.05233154566491e+01
1.28824955169313e+03	2.21340783122251e+01	-1.08562795796470e+01
1.31825673855640e+03	2.21368980552587e+01	-1.11971050234350e+01
1.34896288259165e+03	2.21392785016008e+01	-1.15458834558928e+01
1.38038426460288e+03	2.21412041032198e+01	-1.19027086837678e+01
1.41253754462275e+03	2.21426592822830e+01	-1.22676768717124e+01
1.44543977074592e+03	2.21436283984484e+01	-1.26408867461222e+01
1.47910838816820e+03	2.21440957132118e+01	-1.30224397823376e+01
1.51356124843620e+03	2.21440453515360e+01	-1.34124403739436e+01
1.54881661891247e+03	2.21434612609990e+01	-1.38109959830796e+01
1.58489319246110e+03	2.21423271686976e+01	-1.42182172708327e+01
1.62181009735892e+03	2.21406265361431e+01	-1.46342182069475e+01
1.65958690743755e+03	2.21383425123864e+01	-1.50591161582292e+01
1.69824365246173e+03	2.21354578855992e+01	-1.54930319551506e+01
1.73780082874936e+03	2.21319550333363e+01	-1.59360899362925e+01
1.77827941003891e+03	2.21278158716932e+01	-1.63884179703507e+01
1.81970085860997e+03	2.21230218035656e+01	-1.68501474555340e+01
1.86208713666286e+03	2.21175536662070e+01	-1.73214132962503e+01
1.90546071796323e+03	2.21113916782703e+01	-1.78023538570398e+01
1.94984459975803e+03	2.21045153865112e+01	-1.82931108937589e+01
1.99526231496887e+03	2.20969036123186e+01	-1.87938294620516e+01
2.04173794466952e+03	2.20885343982318e+01	-1.93046578031664e+01
2.08929613085403e+03	2.20793849545939e+01	-1.98257472071843e+01
2.13796208950222e+03	2.20694316064833e+01	-2.03572518537258e+01
2.18776162394954e+03	2.20586497410621e+01	-2.08993286301945e+01
2.23872113856832e+03	2.20470137554727e+01	-2.14521369275997e+01
2.29086765276776e+03	2.20344970054132e+01	-2.20158384139810e+01
2.34422881531991e+03	2.20210717545188e+01	-2.25905967854313e+01
2.39883291901947e+03	2.20067091246783e+01	-2.31765774946911e+01
2.45470891568501e+03	2.19913790474161e+01	-2.37739474572570e+01
2.51188643150956e+03	2.19750502164719e+01	-2.43828747349223e+01
2.57039578276885e+03	2.19576900417185e+01	-2.50035281966447e+01
2.63026799189536e+03	2.19392646045615e+01	-2.56360771566138e+01
2.69153480392690e+03	2.19197386149752e+01	-2.62806909893790e+01
2.75422870333815e+03	2.18990753703367e+01	-2.69375387218888e+01
2.81838293126443e+03	2.18772367162327e+01	-2.76067886022938e+01
2.88403150312658e+03	2.18541830094250e+01	-2.82886076453745e+01
2.95120922666636e+03	2.18298730831732e+01	-2.89831611544743e+01
3.01995172040199e+03	2.18042642151275e+01	-2.96906122198537e+01
3.09029543251357e+03	2.17773120980215e+01	-3.04111211934210e+01
3.16227766016836e+03	2.17489708134060e+01	-3.11448451398583e+01
3.23593656929626e+03	2.17191928086854e+01	-3.18919372642329e+01
3.31131121482589e+03	2.16879288777302e+01	-3.26525463162750e+01
3.38844156139200e+03	2.16551281453580e+01	-3.34268159716080e+01
3.46736850452529e+03	2.16207380559883e+01	-3.42148841903420e+01
3.54813389233573e+03	2.15847043667939e+01	-3.50168825535827e+01
3.63078054770099e+03	2.15469711456817e+01	-3.58329355785677e+01
3.71535229097170e+03	2.15074807744524e+01	-3.66631600133207e+01
3.80189396320558e+03	2.14661739574961e+01	-3.75076641119120e+01
3.89045144994278e+03	2.14229897363900e+01	-3.83665468916282e+01
3.98107170553494e+03	2.13778655107726e+01	-3.92398973735885e+01
4.07380277804110e+03	2.13307370658693e+01	-4.01277938085967e+01
4.16869383470332e+03	2.12815386070458e+01	-4.10303028902836e+01
4.26579518801589e+03	2.12302028017632e+01	-4.19474789578779e+01
4.36515832240162e+03	2.11766608292972e+01	-4.28793631912393e+01
4.46683592150960e+03	2.11208424385755e+01	-4.38259828010926e+01
4.57088189614871e+03	2.10626760144685e+01	-4.47873502177182e+01
4.67735141287194e+03	2.10020886528435e+01	-4.57634622816720e+01
4.78630092322634e+03	2.09390062446689e+01	-4.67542994404318e+01
4.89778819368442e+03	2.08733535694147e+01	-4.77598249551869e+01
5.01187233627268e+03	2.08050543979606e+01	-4.87799841222994e+01
5.12861383991361e+03	2.07340316051700e+01	-4.98147035142695e+01
5.24807460249768e+03	2.06602072922390e+01	-5.08638902453216e+01
5.37031796370248e+03	2.05835029188650e+01	-5.19274312669900e+01
5.49540873857620e+03	2.05038394452155e+01	-5.30051926993212e+01
5.62341325190344e+03	2.04211374836010e+01	-5.40970192035036e+01
5.75439937337152e+03	2.03353174596779e+01	-5.52027334019033e+01
5.88843655355584e+03	2.02462997829216e+01	-5.63221353515873e+01
6.02559586074353e+03	2.01540050260183e+01	-5.74550020774824e+01
6.16595001861477e+03	2.00583541127297e+01	-5.86010871713099e+01
6.30957344480188e+03	1.99592685136877e+01	-5.97601204623727e+01
6.45654229034650e+03	1.98566704494719e+01	-6.09318077661340e+01
6.60693448007590e+03	1.97504831002241e+01	-6.21158307163103e+01
6.76082975391976e+03	1.96406308209509e+01	-6.33118466859128e+01
6.91830970918931e+03	1.95270393615633e+01	-6.45194888022958e+01
7.07945784384132e+03	1.94096360906080e+01	-6.57383660608136e+01
7.24435960074984e+03	1.92883502215512e+01	-6.69680635411476e+01
7.41310241300911e+03	1.91631130403879e+01	-6.82081427297438e+01
7.58577575029177e+03	1.90338581332758e+01	-6.94581419510997e+01
7.76247116628685e+03	1.89005216128213e+01	-7.07175769098651e+01
7.94328234724275e+03	1.87630423415920e+01	-7.19859413448786e+01
8.12830516164092e+03	1.86213621513836e+01	-7.32627077953610e+01
8.31763771102664e+03	1.84754260567448e+01	-7.45473284785315e+01
8.51138038202369e+03	1.83251824612461e+01	-7.58392362769274e+01
8.70963589956073e+03	1.81705833549887e+01	-7.71378458326852e+01
8.91250938133738e+03	1.80115845018659e+01	-7.84425547450194e+01
9.12010839355902e+03	1.78481456151326e+01	-7.97527448661040e+01
9.33254300796983e+03	1.76802305198975e+01	-8.10677836895589e+01
9.54992586021428e+03	1.75078073012271e+01	-8.23870258247692e+01
9.77237220955802e+03	1.73308484366461e+01	-8.37098145493427e+01
9.99999999999991e+03	1.71493309119310e+01	-8.50354834311560e+01
1.02329299228075e+04	1.69632363192182e+01	-8.63633580106628e+01
1.04712854805089e+04	1.67725509365905e+01	-8.76927575334580e+01
1.07151930523760e+04	1.65772657884586e+01	-8.90229967225144e+01
1.09647819614318e+04	1.63773766862175e+01	-9.03533875790557e+01
1.12201845430195e+04	1.61728842488274e+01	-9.16832412006928e+01
1.14815362149687e+04	1.59637939031473e+01	-9.30118696052563e+01
1.17489755493952e+04	1.57501158640260e+01	-9.43385875486901e+01
1.20226443461740e+04	1.55318650943357e+01	-9.56627143254461e+01
1.23026877081237e+04	1.53090612453078e+01	-9.69835755400281e+01
1.25892541179416e+04	1.50817285777025e+01	-9.83005048386749e+01
1.28824955169312e+04	1.48498958645060e+01	-9.96128455906345e+01
1.31825673855640e+04	1.46135962760005e+01	-1.00919952509068e+02
1.34896288259164e+04	1.43728672481942e+01	-1.02221193202311e+02
1.38038426460287e+04	1.41277503357221e+01	-1.03515949646988e+02
1.41253754462274e+04	1.38782910504410e+01	-1.04803619575374e+02
1.44543977074591e+04	1.36245386870332e+01	-1.06083617770268e+02
1.47910838816819e+04	1.33665461370103e+01	-1.07355377261683e+02
1.51356124843619e+04	1.31043696925653e+01	-1.08618350420615e+02
1.54881661891247e+04	1.28380688417604e+01	-1.09872009946214e+02
1.58489319246110e+04	1.25677060565580e+01	-1.11115849743693e+02
1.62181009735891e+04	1.22933465752069e+01	-1.12349385691341e+02
1.65958690743755e+04	1.20150581804804e+01	-1.13572156295980e+02
1.69824365246173e+04	1.17329109752335e+01	-1.14783723237176e+02
1.73780082874936e+04	1.14469771567049e+01	-1.15983671801403e+02
1.77827941003891e+04	1.11573307909267e+01	-1.17171611208200e+02
1.81970085860997e+04	1.08640475885433e+01	-1.18347174831139e+02
1.86208713666285e+04	1.05672046832549e+01	-1.19510020317123e+02
1.90546071796323e+04	1.02668804140198e+01	-1.20659829608136e+02
1.94984459975803e+04	9.96315411205334e+00	-1.21796308870128e+02
1.99526231496886e+04	9.65610589356449e+00	-1.22919188334144e+02
2.04173794466951e+04	9.34581645906989e+00	-1.24028222055216e+02
2.08929613085402e+04	9.03236690002218e+00	-1.25123187594779e+02
2.13796208950221e+04	8.71583851338725e+00	-1.26203885632621e+02
2.18776162394953e+04	8.39631262470317e+00	-1.27270139514487e+02
2.23872113856832e+04	8.07387042005476e+00	-1.28321794741549e+02
2.29086765276775e+04	7.74859278730213e+00	-1.29358718407913e+02
2.34422881531990e+04	7.42056016681004e+00	-1.30380798592311e+02
2.39883291901947e+04	7.08985241183920e+00	-1.31387943709991e+02
2.45470891568501e+04	6.75654865867962e+00	-1.32380081830664e+02
2.51188643150956e+04	6.42072720653197e+00	-1.33357159968151e+02
2.57039578276884e+04	6.08246540707480e+00	-1.34319143347170e+02
2.63026799189536e+04	5.74183956359376e+00	-1.35266014652376e+02
2.69153480392689e+04	5.39892483949448e+00	-1.36197773264556e+02
2.75422870333814e+04	5.05379517597195e+00	-1.37114434488508e+02
2.81838293126443e+04	4.70652321856794e+00	-1.38016028776845e+02
2.88403150312658e+04	4.35718025231192e+00	-1.38902600953659e+02
2.95120922666636e+04	4.00583614511169e+00	-1.39774209441603e+02
3.01995172040199e+04	3.65255929903584e+00	-1.40630925495674e+02
3.09029543251356e+04	3.29741660911149e+00	-1.41472832446632e+02
3.16227766016835e+04	2.94047342924718e+00	-1.42300024956668e+02
3.23593656929625e+04	2.58179354488163e+00	-1.43112608289660e+02
3.31131121482588e+04	2.22143915195394e+00	-1.43910697598035e+02
3.38844156139199e+04	1.85947084178955e+00	-1.44694417227986e+02
3.46736850452528e+04	1.49594759149832e+00	-1.45463900044530e+02
3.54813389233572e+04	1.13092675948592e+00	-1.46219286777651e+02
3.63078054770098e+04	7.64464085686986e-01	-1.46960725390522e+02
3.71535229097169e+04	3.96613696138465e-01	-1.47688370470596e+02
3.80189396320557e+04	2.74281115224580e-02	-1.48402382644167e+02
3.89045144994277e+04	-3.43041740678762e-01	-1.49102928014797e+02
3.98107170553493e+04	-7.14746510759208e-01	-1.49790177625854e+02
4.07380277804108e+04	-1.08763840842537e+00	-1.50464306947261e+02
4.16869383470331e+04	-1.46167118180506e+00	-1.51125495386402e+02
4.26579518801588e+04	-1.83680009412522e+00	-1.51773925823033e+02
4.36515832240161e+04	-2.21298189833913e+00	-1.52409784167928e+02
4.46683592150958e+04	-2.59017480996629e+00	-1.53033258944899e+02
4.57088189614870e+04	-2.96833847839229e+00	-1.53644540895747e+02
4.67735141287193e+04	-3.34743395685943e+00	-1.54243822607649e+02
4.78630092322633e+04	-3.72742367136296e+00	-1.54831298162394e+02
4.89778819368441e+04	-4.10827138865208e+00	-1.55407162806871e+02
5.01187233627267e+04	-4.48994218352003e+00	-1.55971612644153e+02
5.12861383991359e+04	-4.87240240555253e+00	-1.56524844344488e+02
5.24807460249767e+04	-5.25561964549037e+00	-1.57067054875487e+02
5.37031796370247e+04	-5.63956270134797e+00	-1.57598441250807e+02
5.49540873857619e+04	-6.02420154441756e+00	-1.58119200296567e+02
5.62341325190343e+04	-6.40950728527599e+00	-1.58629528434782e+02
5.75439937337151e+04	-6.79545213990023e+00	-1.59129621483061e+02
5.88843655355583e+04	-7.18200939598635e+00	-1.59619674469849e+02
6.02559586074351e+04	-7.56915337955724e+00	-1.60099881464467e+02
6.16595001861475e+04	-7.95685942193435e+00	-1.60570435421255e+02
6.30957344480186e+04	-8.34510382714015e+00	-1.61031528037103e+02
6.45654229034648e+04	-8.73386383978995e+00	-1.61483349621678e+02
6.60693448007589e+04	-9.12311761352377e+00	-1.61926088979693e+02
6.76082975391974e+04	-9.51284418002225e+00	-1.62359933304554e+02
6.91830970918929e+04	-9.90302341864384e+00	-1.62785068082762e+02
7.07945784384130e+04	-1.02936360267149e+01	-1.63201677008451e+02
7.24435960074982e+04	-1.06846634904986e+01	-1.63609941907492e+02
7.41310241300909e+04	-1.10760880568630e+01	-1.64010042670580e+02
7.58577575029175e+04	-1.14678927056665e+01	-1.64402157194771e+02
7.76247116628683e+04	-1.18600611228703e+01	-1.64786461332949e+02
7.94328234724272e+04	-1.22525776743896e+01	-1.65163128850720e+02
8.12830516164090e+04	-1.26454273806857e+01	-1.65532331390269e+02
8.31763771102661e+04	-1.30385958921039e+01	-1.65894238440716e+02
8.51138038202367e+04	-1.34320694649551e+01	-1.66249017314550e+02
8.70963589956071e+04	-1.38258349383383e+01	-1.66596833129724e+02
8.91250938133735e+04	-1.42198797117004e+01	-1.66937848797027e+02
9.12010839355899e+04	-1.46141917231249e+01	-1.67272225012370e+02
9.33254300796980e+04	-1.50087594283412e+01	-1.67600120253627e+02
9.54992586021425e+04	-1.54035717804458e+01	-1.67921690781703e+02
9.77237220955799e+04	-1.57986182103231e+01	-1.68237090645536e+02
9.99999999999988e+04	-1.61938886077535e+01	-1.68546471690711e+02
1.02329299228074e+05	-1.65893733031968e+01	-1.68849983571438e+02
1.04712854805089e+05	-1.69850630502356e+01	-1.69147773765607e+02
1.07151930523759e+05	-1.73809490086660e+01	-1.69439987592708e+02
1.09647819614317e+05	-1.77770227282190e+01	-1.69726768234349e+02
1.12201845430195e+05	-1.81732761328986e+01	-1.70008256757194e+02
1.14815362149687e+05	-1.85697015059200e+01	-1.70284592138094e+02
1.17489755493952e+05	-1.89662914752335e+01	-1.70555911291227e+02
1.20226443461740e+05	-1.93630389996171e+01	-1.70822349097086e+02
1.23026877081237e+05	-1.97599373553222e+01	-1.71084038433130e+02
1.25892541179415e+05	-2.01569801232574e+01	-1.71341110205953e+02
1.28824955169312e+05	-2.05541611766941e+01	-1.71593693384836e+02
1.31825673855639e+05	-2.09514746694775e+01	-1.71841915036534e+02
1.34896288259164e+05	-2.13489150247301e+01	-1.72085900361185e+02
1.38038426460287e+05	-2.17464769240298e+01	-1.72325772729221e+02
1.41253754462274e+05	-2.21441552970491e+01	-1.72561653719176e+02
1.44543977074591e+05	-2.25419453116419e+01	-1.72793663156292e+02
1.47910838816819e+05	-2.29398423643610e+01	-1.73021919151834e+02
1.51356124843619e+05	-2.33378420713950e+01	-1.73246538143022e+02
1.54881661891246e+05	-2.37359402599093e+01	-1.73467634933510e+02
1.58489319246109e+05	-2.41341329597796e+01	-1.73685322734344e+02
1.62181009735891e+05	-2.45324163957031e+01	-1.73899713205310e+02
1.65958690743754e+05	-2.49307869796769e+01	-1.74110916496649e+02
1.69824365246172e+05	-2.53292413038312e+01	-1.74319041291044e+02
1.73780082874935e+05	-2.57277761336044e+01	-1.74524194845858e+02
1.77827941003890e+05	-2.61263884012510e+01	-1.74726483035561e+02
1.81970085860996e+05	-2.65250751996696e+01	-1.74926010394309e+02
1.86208713666284e+05	-2.69238337765427e+01	-1.75122880158634e+02
1.90546071796322e+05	-2.73226615287758e+01	-1.75317194310218e+02
1.94984459975802e+05	-2.77215559972293e+01	-1.75509053618701e+02
1.99526231496885e+05	-2.81205148617318e+01	-1.75698557684522e+02
2.04173794466950e+05	-2.85195359363663e+01	-1.75885804981743e+02
2.08929613085401e+05	-2.89186171650233e+01	-1.76070892900845e+02
2.13796208950220e+05	-2.93177566172096e+01	-1.76253917791473e+02
2.18776162394952e+05	-2.97169524841078e+01	-1.76434975005117e+02
2.23872113856831e+05	-3.01162030748786e+01	-1.76614158937702e+02
2.29086765276774e+05	-3.05155068131991e+01	-1.76791563072085e+02
2.34422881531989e+05	-3.09148622340309e+01	-1.76967280020435e+02
2.39883291901946e+05	-3.13142679806119e+01	-1.77141401566501e+02
2.45470891568500e+05	-3.17137228016670e+01	-1.77314018707739e+02
2.51188643150955e+05	-3.21132255488312e+01	-1.77485221697310e+02
2.57039578276883e+05	-3.25127751742820e+01	-1.77655100085923e+02
2.63026799189535e+05	-3.29123707285744e+01	-1.77823742763536e+02
2.69153480392688e+05	-3.33120113586771e+01	-1.77991238000897e+02
2.75422870333813e+05	-3.37116963062037e+01	-1.78157673490927e+02
2.81838293126442e+05	-3.41114249058368e+01	-1.78323136389936e+02
2.88403150312657e+05	-3.45111965839416e+01	-1.78487713358678e+02
2.95120922666635e+05	-3.49110108573671e+01	-1.78651490603239e+02
3.01995172040197e+05	-3.53108673324299e+01	-1.78814553915751e+02
3.09029543251355e+05	-3.57107657040826e+01	-1.78976988714933e+02
3.16227766016834e+05	-3.61107057552609e+01	-1.79138880086470e+02
3.23593656929624e+05	-3.65106873564109e+01	-1.79300312823203e+02
3.31131121482586e+05	-3.69107104651945e+01	-1.79461371465153e+02
3.38844156139198e+05	-3.73107751263712e+01	-1.79622140339364e+02
3.46736850452527e+05	-3.77108814718579e+01	-1.79782703599565e+02
3.54813389233570e+05	-3.81110297209644e+01	-1.79943145265652e+02
3.63078054770096e+05	-3.85112201808061e+01	1.79896450737013e+02
3.71535229097167e+05	-3.89114532468939e+01	1.79736000538503e+02
3.80189396320556e+05	-3.93117294039019e+01	1.79575420285399e+02
3.89045144994275e+05	-3.97120492266137e+01	1.79414626102085e+02
3.98107170553492e+05	-4.01124133810505e+01	1.79253534052223e+02
4.07380277804107e+05	-4.05128226257791e+01	1.79092060100457e+02
4.16869383470329e+05	-4.09132778134052e+01	1.78930120074327e+02
4.26579518801586e+05	-4.13137798922527e+01	1.78767629626406e+02
4.36515832240160e+05	-4.17143299082306e+01	1.78604504196687e+02
4.46683592150957e+05	-4.21149290068924e+01	1.78440658975213e+02
4.57088189614868e+05	-4.25155784356892e+01	1.78276008864970e+02
4.67735141287191e+05	-4.29162795464210e+01	1.78110468445070e+02
4.78630092322631e+05	-4.33170337978888e+01	1.77943951934218e+02
4.89778819368439e+05	-4.37178427587522e+01	1.77776373154513e+02
5.01187233627265e+05	-4.41187081105965e+01	1.77607645495572e+02
5.12861383991357e+05	-4.45196316512134e+01	1.77437681879036e+02
5.24807460249765e+05	-4.49206152980997e+01	1.77266394723454e+02
5.37031796370245e+05	-4.53216610921796e+01	1.77093695909595e+02
5.49540873857616e+05	-4.57227712017551e+01	1.76919496746216e+02
5.62341325190341e+05	-4.61239479266904e+01	1.76743707936322e+02
5.75439937337148e+05	-4.65251937028345e+01	1.76566239543950e+02
5.88843655355580e+05	-4.69265111066897e+01	1.76387000961537e+02
6.02559586074349e+05	-4.73279028603301e+01	1.76205900877907e+02
6.16595001861473e+05	-4.77293718365773e+01	1.76022847246927e+02
6.30957344480184e+05	-4.81309210644387e+01	1.75837747256899e+02
6.45654229034646e+05	-4.85325537348153e+01	1.75650507300740e+02
6.60693448007586e+05	-4.89342732064850e+01	1.75461032947016e+02
6.76082975391971e+05	-4.93360830123685e+01	1.75269228911902e+02
6.91830970918926e+05	-4.97379868660828e+01	1.75074999032150e+02
7.07945784384127e+05	-5.01399886687908e+01	1.74878246239139e+02
7.24435960074979e+05	-5.05420925163523e+01	1.74678872534092e+02
7.41310241300906e+05	-5.09443027067823e+01	1.74476778964574e+02
7.58577575029172e+05	-5.13466237480240e+01	1.74271865602348e+02
7.76247116628680e+05	-5.17490603660420e+01	1.74064031522717e+02
7.94328234724269e+05	-5.21516175132415e+01	1.73853174785458e+02
8.12830516164087e+05	-5.25543003772187e+01	1.73639192417470e+02
8.31763771102658e+05	-5.29571143898483e+01	1.73421980397286e+02
8.51138038202363e+05	-5.33600652367119e+01	1.73201433641563e+02
8.70963589956067e+05	-5.37631588668723e+01	1.72977445993721e+02
8.91250938133732e+05	-5.41664015029961e+01	1.72749910214884e+02
9.12010839355895e+05	-5.45697996518285e+01	1.72518717977285e+02
9.33254300796976e+05	-5.49733601150215e+01	1.72283759860323e+02
9.54992586021421e+05	-5.53770900003167e+01	1.72044925349455e+02
9.77237220955795e+05	-5.57809967330819e+01	1.71802102838127e+02
1.00000000000000e+06	-5.61850880682020e+01	1.71555179632942e+02
