# Photodiode spectrum recorded on Tue May  7 16:20:04 2024
# Acquisition time [s]: 538.72 s 
0.00000
0.00000
0.00000
0.00000
0.00000
0.00000
0.00000
0.00000
0.00000
0.00000
0.00000
0.00000
0.00000
0.00000
0.00000
0.00000
0.00000
0.00000
0.00000
0.00000
0.00000
0.00000
0.00000
0.00000
0.00000
0.00000
0.00000
0.00000
0.00000
0.00000
0.00000
0.00000
0.00000
0.00000
0.00000
0.00000
0.00000
0.00000
0.00000
0.00000
0.00000
0.00000
0.00000
0.00000
0.00000
0.00000
0.00000
0.00000
0.00000
0.00000
0.00000
0.00000
0.00000
0.00000
0.00000
0.00000
0.00000
0.00000
0.00000
0.00000
0.00000
0.00000
0.00000
0.00000
0.00000
0.00000
0.00000
0.00000
109.00000
243.00000
201.00000
122.00000
110.00000
96.00000
71.00000
61.00000
54.00000
52.00000
52.00000
52.00000
57.00000
37.00000
49.00000
45.00000
50.00000
39.00000
37.00000
35.00000
40.00000
50.00000
35.00000
46.00000
28.00000
36.00000
58.00000
40.00000
36.00000
42.00000
32.00000
42.00000
32.00000
40.00000
39.00000
35.00000
31.00000
35.00000
38.00000
35.00000
40.00000
28.00000
42.00000
47.00000
48.00000
42.00000
32.00000
54.00000
51.00000
50.00000
51.00000
57.00000
57.00000
59.00000
73.00000
68.00000
74.00000
73.00000
60.00000
68.00000
70.00000
70.00000
75.00000
79.00000
86.00000
107.00000
105.00000
98.00000
99.00000
94.00000
118.00000
114.00000
124.00000
109.00000
116.00000
125.00000
145.00000
132.00000
142.00000
159.00000
158.00000
165.00000
192.00000
204.00000
210.00000
190.00000
212.00000
196.00000
245.00000
230.00000
256.00000
224.00000
255.00000
264.00000
240.00000
268.00000
279.00000
246.00000
262.00000
264.00000
268.00000
239.00000
263.00000
237.00000
220.00000
244.00000
239.00000
234.00000
205.00000
216.00000
227.00000
206.00000
212.00000
200.00000
204.00000
205.00000
208.00000
185.00000
189.00000
195.00000
204.00000
168.00000
177.00000
168.00000
144.00000
199.00000
204.00000
170.00000
166.00000
176.00000
165.00000
162.00000
196.00000
158.00000
167.00000
158.00000
166.00000
138.00000
135.00000
135.00000
147.00000
134.00000
129.00000
130.00000
107.00000
109.00000
88.00000
108.00000
83.00000
93.00000
84.00000
58.00000
62.00000
71.00000
60.00000
60.00000
50.00000
53.00000
39.00000
61.00000
50.00000
39.00000
29.00000
33.00000
35.00000
26.00000
20.00000
28.00000
28.00000
22.00000
15.00000
18.00000
19.00000
21.00000
18.00000
23.00000
20.00000
11.00000
10.00000
3.00000
18.00000
7.00000
11.00000
11.00000
8.00000
4.00000
4.00000
6.00000
6.00000
6.00000
5.00000
6.00000
3.00000
1.00000
3.00000
3.00000
3.00000
4.00000
6.00000
2.00000
3.00000
0.00000
4.00000
3.00000
4.00000
1.00000
1.00000
2.00000
1.00000
6.00000
4.00000
4.00000
5.00000
3.00000
5.00000
2.00000
3.00000
6.00000
9.00000
5.00000
6.00000
3.00000
6.00000
3.00000
3.00000
4.00000
5.00000
3.00000
2.00000
2.00000
7.00000
4.00000
0.00000
7.00000
3.00000
6.00000
6.00000
1.00000
2.00000
5.00000
2.00000
3.00000
5.00000
4.00000
4.00000
2.00000
0.00000
2.00000
4.00000
0.00000
2.00000
2.00000
2.00000
2.00000
1.00000
0.00000
3.00000
4.00000
1.00000
2.00000
1.00000
1.00000
1.00000
1.00000
3.00000
0.00000
0.00000
2.00000
1.00000
3.00000
1.00000
2.00000
1.00000
2.00000
1.00000
0.00000
2.00000
3.00000
1.00000
0.00000
2.00000
1.00000
3.00000
3.00000
1.00000
2.00000
1.00000
1.00000
0.00000
0.00000
1.00000
0.00000
1.00000
0.00000
2.00000
1.00000
0.00000
0.00000
1.00000
1.00000
3.00000
2.00000
3.00000
0.00000
0.00000
0.00000
5.00000
2.00000
1.00000
3.00000
2.00000
3.00000
1.00000
1.00000
1.00000
1.00000
0.00000
1.00000
5.00000
0.00000
3.00000
1.00000
2.00000
1.00000
4.00000
3.00000
1.00000
1.00000
0.00000
2.00000
2.00000
1.00000
1.00000
3.00000
3.00000
0.00000
1.00000
0.00000
1.00000
1.00000
1.00000
4.00000
0.00000
1.00000
1.00000
5.00000
4.00000
2.00000
4.00000
4.00000
4.00000
0.00000
0.00000
1.00000
3.00000
4.00000
8.00000
4.00000
2.00000
5.00000
2.00000
4.00000
3.00000
4.00000
2.00000
5.00000
2.00000
1.00000
7.00000
5.00000
0.00000
5.00000
2.00000
5.00000
2.00000
3.00000
7.00000
4.00000
9.00000
4.00000
6.00000
8.00000
9.00000
8.00000
9.00000
6.00000
8.00000
3.00000
6.00000
5.00000
9.00000
8.00000
6.00000
2.00000
6.00000
9.00000
5.00000
7.00000
6.00000
6.00000
8.00000
6.00000
6.00000
10.00000
6.00000
5.00000
11.00000
6.00000
3.00000
3.00000
6.00000
8.00000
6.00000
11.00000
5.00000
7.00000
9.00000
6.00000
6.00000
3.00000
5.00000
9.00000
3.00000
7.00000
6.00000
4.00000
6.00000
9.00000
8.00000
7.00000
9.00000
8.00000
11.00000
4.00000
4.00000
4.00000
5.00000
7.00000
8.00000
8.00000
9.00000
10.00000
10.00000
10.00000
8.00000
14.00000
14.00000
14.00000
16.00000
19.00000
16.00000
27.00000
24.00000
26.00000
34.00000
38.00000
26.00000
33.00000
46.00000
44.00000
53.00000
54.00000
48.00000
69.00000
49.00000
68.00000
53.00000
60.00000
70.00000
69.00000
57.00000
69.00000
73.00000
83.00000
75.00000
61.00000
63.00000
75.00000
63.00000
60.00000
56.00000
70.00000
52.00000
57.00000
48.00000
52.00000
40.00000
44.00000
36.00000
34.00000
43.00000
21.00000
26.00000
31.00000
25.00000
9.00000
19.00000
22.00000
12.00000
11.00000
11.00000
6.00000
6.00000
4.00000
3.00000
7.00000
2.00000
2.00000
4.00000
2.00000
1.00000
3.00000
1.00000
1.00000
2.00000
0.00000
0.00000
0.00000
1.00000
1.00000
0.00000
0.00000
0.00000
0.00000
0.00000
0.00000
0.00000
0.00000
0.00000
1.00000
0.00000
0.00000
0.00000
0.00000
0.00000
0.00000
0.00000
0.00000
0.00000
0.00000
0.00000
0.00000
0.00000
0.00000
0.00000
0.00000
0.00000
0.00000
0.00000
0.00000
0.00000
0.00000
0.00000
0.00000
0.00000
0.00000
0.00000
0.00000
0.00000
0.00000
0.00000
0.00000
0.00000
0.00000
0.00000
0.00000
0.00000
0.00000
0.00000
0.00000
0.00000
0.00000
0.00000
0.00000
0.00000
0.00000
0.00000
0.00000
0.00000
0.00000
0.00000
0.00000
0.00000
0.00000
0.00000
0.00000
0.00000
0.00000
0.00000
0.00000
0.00000
0.00000
0.00000
0.00000
0.00000
0.00000
0.00000
1.00000
0.00000
0.00000
0.00000
0.00000
0.00000
0.00000
0.00000
0.00000
0.00000
0.00000
0.00000
0.00000
0.00000
0.00000
0.00000
0.00000
0.00000
0.00000
0.00000
0.00000
0.00000
0.00000
0.00000
0.00000
0.00000
0.00000
0.00000
0.00000
0.00000
0.00000
0.00000
0.00000
0.00000
0.00000
0.00000
0.00000
0.00000
0.00000
0.00000
0.00000
0.00000
0.00000
0.00000
0.00000
0.00000
0.00000
0.00000
0.00000
0.00000
0.00000
0.00000
0.00000
0.00000
0.00000
1.00000
0.00000
0.00000
0.00000
0.00000
0.00000
0.00000
0.00000
0.00000
0.00000
0.00000
0.00000
0.00000
0.00000
0.00000
0.00000
0.00000
0.00000
0.00000
0.00000
0.00000
0.00000
0.00000
0.00000
0.00000
0.00000
0.00000
0.00000
0.00000
0.00000
0.00000
0.00000
0.00000
0.00000
0.00000
0.00000
0.00000
0.00000
0.00000
0.00000
0.00000
0.00000
0.00000
0.00000
0.00000
0.00000
0.00000
0.00000
0.00000
0.00000
0.00000
0.00000
0.00000
0.00000
0.00000
0.00000
0.00000
0.00000
0.00000
0.00000
0.00000
0.00000
0.00000
0.00000
0.00000
0.00000
0.00000
0.00000
0.00000
0.00000
0.00000
0.00000
0.00000
0.00000
0.00000
0.00000
0.00000
0.00000
0.00000
0.00000
0.00000
0.00000
0.00000
0.00000
0.00000
0.00000
0.00000
0.00000
0.00000
1.00000
0.00000
0.00000
0.00000
0.00000
1.00000
0.00000
0.00000
0.00000
0.00000
0.00000
0.00000
0.00000
0.00000
0.00000
0.00000
0.00000
0.00000
0.00000
0.00000
0.00000
0.00000
0.00000
0.00000
0.00000
0.00000
1.00000
0.00000
0.00000
0.00000
0.00000
0.00000
0.00000
0.00000
0.00000
0.00000
0.00000
0.00000
0.00000
0.00000
0.00000
0.00000
0.00000
0.00000
0.00000
0.00000
0.00000
0.00000
0.00000
0.00000
0.00000
0.00000
0.00000
1.00000
0.00000
0.00000
0.00000
0.00000
0.00000
0.00000
0.00000
0.00000
0.00000
0.00000
0.00000
0.00000
0.00000
0.00000
0.00000
0.00000
0.00000
0.00000
0.00000
0.00000
0.00000
0.00000
0.00000
0.00000
0.00000
0.00000
0.00000
1.00000
0.00000
0.00000
0.00000
0.00000
0.00000
0.00000
0.00000
0.00000
0.00000
0.00000
0.00000
0.00000
0.00000
0.00000
0.00000
0.00000
0.00000
0.00000
0.00000
0.00000
0.00000
0.00000
0.00000
0.00000
0.00000
0.00000
0.00000
0.00000
0.00000
0.00000
0.00000
0.00000
0.00000
0.00000
1.00000
0.00000
0.00000
0.00000
0.00000
0.00000
0.00000
0.00000
0.00000
0.00000
0.00000
0.00000
0.00000
0.00000
0.00000
0.00000
0.00000
0.00000
0.00000
0.00000
0.00000
0.00000
0.00000
1.00000
0.00000
0.00000
0.00000
0.00000
0.00000
0.00000
0.00000
0.00000
0.00000
0.00000
0.00000
0.00000
0.00000
0.00000
0.00000
0.00000
0.00000
0.00000
0.00000
0.00000
0.00000
0.00000
0.00000
0.00000
0.00000
0.00000
0.00000
0.00000
0.00000
0.00000
0.00000
0.00000
0.00000
0.00000
0.00000
0.00000
0.00000
0.00000
0.00000
0.00000
0.00000
0.00000
0.00000
0.00000
0.00000
0.00000
0.00000
0.00000
0.00000
0.00000
0.00000
0.00000
0.00000
0.00000
0.00000
0.00000
0.00000
0.00000
0.00000
0.00000
0.00000
0.00000
0.00000
0.00000
0.00000
0.00000
0.00000
0.00000
0.00000
0.00000
0.00000
0.00000
0.00000
0.00000
0.00000
