# Photodiode spectrum recorded on Tue May 21 11:34:31 2024
# Acquisition time [s]: 562.79 s 
0.00000
0.00000
0.00000
0.00000
0.00000
0.00000
0.00000
0.00000
0.00000
0.00000
0.00000
0.00000
0.00000
0.00000
0.00000
0.00000
0.00000
0.00000
0.00000
0.00000
0.00000
0.00000
0.00000
0.00000
0.00000
0.00000
0.00000
0.00000
0.00000
0.00000
0.00000
0.00000
0.00000
0.00000
0.00000
0.00000
0.00000
0.00000
0.00000
0.00000
0.00000
0.00000
0.00000
0.00000
0.00000
0.00000
0.00000
0.00000
0.00000
0.00000
0.00000
0.00000
0.00000
0.00000
0.00000
0.00000
0.00000
0.00000
0.00000
0.00000
0.00000
0.00000
0.00000
1.00000
1.00000
115.00000
359.00000
322.00000
249.00000
177.00000
151.00000
135.00000
129.00000
107.00000
79.00000
85.00000
72.00000
65.00000
70.00000
72.00000
66.00000
64.00000
62.00000
53.00000
59.00000
46.00000
73.00000
43.00000
59.00000
63.00000
59.00000
31.00000
53.00000
48.00000
59.00000
48.00000
39.00000
52.00000
43.00000
46.00000
41.00000
39.00000
36.00000
42.00000
30.00000
35.00000
28.00000
19.00000
26.00000
29.00000
29.00000
33.00000
28.00000
20.00000
15.00000
17.00000
20.00000
19.00000
21.00000
27.00000
25.00000
25.00000
20.00000
12.00000
19.00000
17.00000
16.00000
13.00000
23.00000
18.00000
11.00000
15.00000
10.00000
19.00000
20.00000
25.00000
13.00000
21.00000
22.00000
13.00000
16.00000
11.00000
20.00000
16.00000
14.00000
14.00000
20.00000
25.00000
19.00000
21.00000
18.00000
23.00000
11.00000
17.00000
16.00000
19.00000
18.00000
17.00000
23.00000
22.00000
16.00000
22.00000
23.00000
16.00000
20.00000
13.00000
12.00000
15.00000
16.00000
19.00000
17.00000
16.00000
17.00000
18.00000
11.00000
12.00000
27.00000
20.00000
18.00000
24.00000
21.00000
27.00000
22.00000
19.00000
23.00000
20.00000
25.00000
36.00000
27.00000
32.00000
32.00000
30.00000
39.00000
29.00000
28.00000
31.00000
38.00000
26.00000
43.00000
36.00000
32.00000
36.00000
39.00000
31.00000
30.00000
36.00000
32.00000
27.00000
34.00000
29.00000
24.00000
35.00000
29.00000
24.00000
21.00000
29.00000
18.00000
24.00000
19.00000
21.00000
20.00000
26.00000
18.00000
18.00000
19.00000
21.00000
13.00000
17.00000
14.00000
14.00000
16.00000
9.00000
14.00000
10.00000
14.00000
14.00000
12.00000
14.00000
14.00000
19.00000
13.00000
12.00000
13.00000
14.00000
11.00000
9.00000
6.00000
7.00000
5.00000
9.00000
6.00000
8.00000
7.00000
6.00000
9.00000
1.00000
9.00000
6.00000
3.00000
10.00000
4.00000
4.00000
4.00000
2.00000
2.00000
3.00000
6.00000
8.00000
5.00000
8.00000
4.00000
7.00000
2.00000
4.00000
4.00000
8.00000
7.00000
1.00000
4.00000
6.00000
8.00000
2.00000
5.00000
5.00000
9.00000
9.00000
5.00000
6.00000
4.00000
9.00000
9.00000
10.00000
8.00000
5.00000
8.00000
7.00000
4.00000
3.00000
6.00000
4.00000
7.00000
2.00000
6.00000
3.00000
3.00000
3.00000
6.00000
4.00000
3.00000
3.00000
6.00000
0.00000
0.00000
2.00000
0.00000
5.00000
2.00000
5.00000
1.00000
3.00000
3.00000
1.00000
2.00000
6.00000
2.00000
1.00000
0.00000
4.00000
1.00000
2.00000
1.00000
2.00000
1.00000
1.00000
1.00000
0.00000
1.00000
2.00000
0.00000
2.00000
3.00000
0.00000
2.00000
7.00000
2.00000
1.00000
2.00000
0.00000
5.00000
2.00000
0.00000
1.00000
2.00000
1.00000
1.00000
1.00000
1.00000
2.00000
1.00000
0.00000
3.00000
1.00000
1.00000
1.00000
1.00000
1.00000
1.00000
2.00000
1.00000
0.00000
3.00000
4.00000
1.00000
0.00000
3.00000
2.00000
1.00000
1.00000
2.00000
1.00000
4.00000
3.00000
2.00000
2.00000
0.00000
1.00000
4.00000
3.00000
1.00000
3.00000
3.00000
4.00000
2.00000
2.00000
0.00000
1.00000
4.00000
5.00000
1.00000
3.00000
2.00000
0.00000
0.00000
3.00000
2.00000
2.00000
2.00000
3.00000
2.00000
4.00000
1.00000
1.00000
4.00000
5.00000
5.00000
2.00000
5.00000
4.00000
3.00000
4.00000
3.00000
2.00000
3.00000
10.00000
6.00000
2.00000
3.00000
3.00000
3.00000
7.00000
3.00000
5.00000
4.00000
5.00000
9.00000
4.00000
6.00000
4.00000
6.00000
8.00000
9.00000
9.00000
10.00000
3.00000
3.00000
7.00000
6.00000
8.00000
3.00000
12.00000
4.00000
8.00000
4.00000
5.00000
3.00000
8.00000
6.00000
5.00000
4.00000
5.00000
5.00000
11.00000
6.00000
6.00000
4.00000
7.00000
4.00000
7.00000
6.00000
5.00000
6.00000
8.00000
8.00000
2.00000
6.00000
5.00000
3.00000
10.00000
2.00000
6.00000
6.00000
2.00000
7.00000
7.00000
11.00000
8.00000
10.00000
8.00000
5.00000
13.00000
9.00000
3.00000
7.00000
5.00000
4.00000
6.00000
11.00000
13.00000
7.00000
14.00000
8.00000
14.00000
13.00000
16.00000
20.00000
23.00000
24.00000
21.00000
30.00000
35.00000
31.00000
40.00000
38.00000
33.00000
39.00000
42.00000
46.00000
46.00000
43.00000
57.00000
50.00000
58.00000
70.00000
65.00000
53.00000
49.00000
78.00000
68.00000
70.00000
66.00000
56.00000
79.00000
68.00000
71.00000
72.00000
71.00000
59.00000
77.00000
51.00000
55.00000
43.00000
50.00000
47.00000
40.00000
36.00000
29.00000
28.00000
29.00000
32.00000
22.00000
23.00000
18.00000
19.00000
15.00000
14.00000
11.00000
12.00000
16.00000
6.00000
8.00000
8.00000
1.00000
6.00000
5.00000
4.00000
1.00000
3.00000
0.00000
0.00000
1.00000
1.00000
0.00000
0.00000
0.00000
0.00000
2.00000
0.00000
0.00000
0.00000
0.00000
0.00000
0.00000
1.00000
0.00000
0.00000
0.00000
0.00000
1.00000
0.00000
0.00000
0.00000
0.00000
0.00000
0.00000
0.00000
0.00000
0.00000
0.00000
0.00000
0.00000
0.00000
0.00000
0.00000
0.00000
0.00000
0.00000
0.00000
0.00000
0.00000
0.00000
0.00000
0.00000
0.00000
0.00000
0.00000
0.00000
0.00000
0.00000
1.00000
0.00000
0.00000
0.00000
0.00000
0.00000
0.00000
0.00000
1.00000
0.00000
0.00000
0.00000
0.00000
0.00000
0.00000
0.00000
0.00000
0.00000
0.00000
0.00000
0.00000
0.00000
0.00000
0.00000
0.00000
0.00000
0.00000
0.00000
0.00000
0.00000
1.00000
0.00000
0.00000
0.00000
0.00000
0.00000
0.00000
0.00000
1.00000
0.00000
0.00000
0.00000
0.00000
0.00000
0.00000
0.00000
0.00000
0.00000
0.00000
0.00000
0.00000
0.00000
0.00000
0.00000
0.00000
0.00000
0.00000
1.00000
0.00000
0.00000
0.00000
0.00000
0.00000
0.00000
0.00000
0.00000
0.00000
0.00000
0.00000
2.00000
0.00000
0.00000
0.00000
0.00000
0.00000
0.00000
0.00000
0.00000
0.00000
0.00000
0.00000
0.00000
0.00000
1.00000
0.00000
0.00000
0.00000
0.00000
0.00000
0.00000
0.00000
0.00000
0.00000
0.00000
0.00000
0.00000
0.00000
0.00000
1.00000
0.00000
0.00000
0.00000
0.00000
0.00000
0.00000
0.00000
0.00000
0.00000
0.00000
0.00000
0.00000
0.00000
0.00000
0.00000
0.00000
0.00000
0.00000
0.00000
0.00000
0.00000
0.00000
0.00000
0.00000
0.00000
0.00000
0.00000
0.00000
0.00000
1.00000
0.00000
0.00000
1.00000
0.00000
0.00000
0.00000
0.00000
0.00000
0.00000
0.00000
0.00000
0.00000
0.00000
0.00000
0.00000
0.00000
0.00000
0.00000
0.00000
0.00000
0.00000
0.00000
0.00000
0.00000
0.00000
0.00000
0.00000
0.00000
0.00000
0.00000
0.00000
0.00000
0.00000
0.00000
0.00000
0.00000
0.00000
0.00000
0.00000
0.00000
0.00000
0.00000
0.00000
0.00000
0.00000
0.00000
0.00000
0.00000
0.00000
0.00000
0.00000
0.00000
0.00000
0.00000
0.00000
0.00000
0.00000
0.00000
0.00000
0.00000
0.00000
0.00000
0.00000
0.00000
0.00000
0.00000
0.00000
0.00000
0.00000
0.00000
1.00000
1.00000
0.00000
0.00000
0.00000
0.00000
0.00000
0.00000
0.00000
0.00000
0.00000
0.00000
0.00000
0.00000
0.00000
1.00000
0.00000
0.00000
0.00000
0.00000
0.00000
0.00000
0.00000
0.00000
0.00000
0.00000
0.00000
0.00000
0.00000
0.00000
0.00000
0.00000
0.00000
0.00000
0.00000
0.00000
0.00000
0.00000
1.00000
0.00000
0.00000
0.00000
0.00000
0.00000
0.00000
0.00000
0.00000
0.00000
0.00000
0.00000
0.00000
0.00000
0.00000
0.00000
0.00000
0.00000
0.00000
0.00000
0.00000
0.00000
0.00000
0.00000
0.00000
0.00000
0.00000
0.00000
0.00000
0.00000
0.00000
0.00000
0.00000
0.00000
0.00000
0.00000
0.00000
0.00000
1.00000
0.00000
0.00000
0.00000
0.00000
0.00000
0.00000
0.00000
0.00000
0.00000
0.00000
0.00000
0.00000
0.00000
0.00000
0.00000
0.00000
0.00000
0.00000
0.00000
0.00000
0.00000
0.00000
0.00000
0.00000
0.00000
0.00000
0.00000
0.00000
0.00000
0.00000
0.00000
0.00000
0.00000
0.00000
0.00000
0.00000
0.00000
0.00000
0.00000
0.00000
0.00000
0.00000
0.00000
0.00000
0.00000
0.00000
0.00000
0.00000
0.00000
0.00000
0.00000
0.00000
0.00000
0.00000
0.00000
0.00000
0.00000
0.00000
0.00000
0.00000
0.00000
0.00000
0.00000
0.00000
0.00000
0.00000
0.00000
0.00000
0.00000
0.00000
0.00000
0.00000
0.00000
0.00000
0.00000
0.00000
0.00000
0.00000
0.00000
0.00000
0.00000
0.00000
0.00000
0.00000
0.00000
0.00000
0.00000
0.00000
0.00000
0.00000
0.00000
0.00000
0.00000
0.00000
0.00000
0.00000
0.00000
0.00000
0.00000
0.00000
0.00000
0.00000
0.00000
0.00000
0.00000
0.00000
0.00000
0.00000
0.00000
0.00000
0.00000
0.00000
0.00000
0.00000
0.00000
0.00000
0.00000
0.00000
0.00000
0.00000
0.00000
0.00000
0.00000
0.00000
0.00000
0.00000
0.00000
0.00000
0.00000
0.00000
