# Photodiode spectrum recorded on Tue May  7 17:58:58 2024
# Acquisition time [s]: 386.64 s 
0.00000
0.00000
0.00000
0.00000
0.00000
0.00000
0.00000
0.00000
0.00000
0.00000
0.00000
0.00000
0.00000
0.00000
0.00000
0.00000
0.00000
0.00000
0.00000
0.00000
0.00000
0.00000
0.00000
0.00000
0.00000
0.00000
0.00000
0.00000
0.00000
0.00000
0.00000
0.00000
0.00000
0.00000
0.00000
0.00000
0.00000
0.00000
0.00000
0.00000
0.00000
0.00000
0.00000
0.00000
0.00000
0.00000
0.00000
0.00000
0.00000
0.00000
0.00000
0.00000
0.00000
0.00000
0.00000
0.00000
0.00000
0.00000
0.00000
0.00000
0.00000
0.00000
0.00000
0.00000
0.00000
0.00000
0.00000
0.00000
90.00000
289.00000
226.00000
204.00000
169.00000
143.00000
154.00000
138.00000
126.00000
131.00000
150.00000
145.00000
157.00000
152.00000
153.00000
158.00000
163.00000
140.00000
160.00000
162.00000
151.00000
164.00000
158.00000
154.00000
206.00000
204.00000
193.00000
181.00000
174.00000
183.00000
186.00000
228.00000
203.00000
207.00000
234.00000
233.00000
249.00000
251.00000
269.00000
331.00000
336.00000
316.00000
394.00000
424.00000
451.00000
410.00000
477.00000
541.00000
535.00000
597.00000
635.00000
599.00000
696.00000
707.00000
743.00000
732.00000
789.00000
807.00000
837.00000
884.00000
875.00000
857.00000
865.00000
899.00000
923.00000
893.00000
931.00000
964.00000
879.00000
947.00000
903.00000
930.00000
900.00000
887.00000
870.00000
936.00000
857.00000
918.00000
955.00000
865.00000
900.00000
874.00000
852.00000
893.00000
845.00000
922.00000
903.00000
879.00000
903.00000
859.00000
877.00000
925.00000
993.00000
939.00000
912.00000
923.00000
917.00000
903.00000
949.00000
902.00000
872.00000
850.00000
860.00000
801.00000
767.00000
756.00000
776.00000
673.00000
630.00000
647.00000
591.00000
604.00000
525.00000
514.00000
482.00000
460.00000
455.00000
419.00000
408.00000
349.00000
352.00000
347.00000
343.00000
302.00000
267.00000
278.00000
284.00000
257.00000
259.00000
227.00000
223.00000
229.00000
212.00000
202.00000
201.00000
188.00000
203.00000
204.00000
174.00000
135.00000
131.00000
160.00000
117.00000
121.00000
113.00000
109.00000
117.00000
117.00000
89.00000
92.00000
78.00000
84.00000
83.00000
58.00000
50.00000
62.00000
70.00000
53.00000
61.00000
51.00000
45.00000
65.00000
56.00000
58.00000
42.00000
46.00000
45.00000
64.00000
48.00000
62.00000
53.00000
54.00000
50.00000
49.00000
52.00000
58.00000
59.00000
53.00000
53.00000
49.00000
49.00000
44.00000
56.00000
42.00000
37.00000
37.00000
44.00000
36.00000
28.00000
36.00000
40.00000
26.00000
26.00000
18.00000
12.00000
16.00000
13.00000
23.00000
13.00000
8.00000
8.00000
7.00000
8.00000
5.00000
9.00000
11.00000
5.00000
6.00000
5.00000
6.00000
5.00000
6.00000
3.00000
2.00000
7.00000
7.00000
5.00000
3.00000
8.00000
9.00000
3.00000
7.00000
5.00000
4.00000
7.00000
2.00000
11.00000
5.00000
6.00000
8.00000
6.00000
5.00000
4.00000
3.00000
4.00000
5.00000
4.00000
2.00000
3.00000
6.00000
4.00000
1.00000
1.00000
3.00000
4.00000
6.00000
7.00000
2.00000
3.00000
1.00000
3.00000
4.00000
1.00000
5.00000
3.00000
3.00000
3.00000
0.00000
5.00000
0.00000
1.00000
3.00000
2.00000
1.00000
2.00000
0.00000
1.00000
3.00000
3.00000
0.00000
1.00000
1.00000
1.00000
3.00000
4.00000
2.00000
2.00000
2.00000
1.00000
3.00000
0.00000
1.00000
0.00000
0.00000
2.00000
0.00000
0.00000
0.00000
3.00000
2.00000
2.00000
2.00000
0.00000
0.00000
0.00000
0.00000
0.00000
0.00000
0.00000
1.00000
0.00000
2.00000
1.00000
0.00000
1.00000
0.00000
0.00000
0.00000
2.00000
1.00000
0.00000
3.00000
1.00000
0.00000
2.00000
1.00000
2.00000
3.00000
0.00000
3.00000
2.00000
0.00000
2.00000
4.00000
1.00000
2.00000
2.00000
0.00000
2.00000
3.00000
2.00000
0.00000
0.00000
1.00000
3.00000
1.00000
1.00000
2.00000
5.00000
0.00000
3.00000
1.00000
1.00000
3.00000
1.00000
2.00000
1.00000
3.00000
1.00000
6.00000
3.00000
0.00000
1.00000
1.00000
2.00000
4.00000
1.00000
3.00000
6.00000
6.00000
3.00000
5.00000
2.00000
3.00000
6.00000
3.00000
2.00000
4.00000
7.00000
5.00000
2.00000
1.00000
7.00000
6.00000
4.00000
4.00000
8.00000
5.00000
5.00000
6.00000
8.00000
5.00000
8.00000
3.00000
7.00000
4.00000
3.00000
4.00000
5.00000
4.00000
6.00000
6.00000
11.00000
6.00000
8.00000
5.00000
2.00000
8.00000
2.00000
5.00000
7.00000
4.00000
9.00000
4.00000
8.00000
5.00000
8.00000
8.00000
8.00000
5.00000
4.00000
8.00000
7.00000
6.00000
1.00000
8.00000
6.00000
3.00000
7.00000
3.00000
7.00000
3.00000
6.00000
3.00000
7.00000
4.00000
6.00000
3.00000
5.00000
10.00000
5.00000
7.00000
2.00000
7.00000
6.00000
8.00000
5.00000
7.00000
8.00000
4.00000
8.00000
6.00000
14.00000
9.00000
7.00000
17.00000
15.00000
21.00000
18.00000
12.00000
17.00000
23.00000
21.00000
24.00000
29.00000
32.00000
39.00000
43.00000
39.00000
51.00000
50.00000
47.00000
60.00000
49.00000
66.00000
53.00000
73.00000
65.00000
59.00000
67.00000
63.00000
57.00000
68.00000
68.00000
64.00000
62.00000
72.00000
85.00000
64.00000
70.00000
60.00000
56.00000
52.00000
60.00000
39.00000
39.00000
43.00000
43.00000
36.00000
34.00000
30.00000
34.00000
36.00000
21.00000
22.00000
17.00000
16.00000
14.00000
12.00000
16.00000
12.00000
11.00000
1.00000
6.00000
5.00000
2.00000
2.00000
5.00000
2.00000
6.00000
3.00000
0.00000
4.00000
1.00000
1.00000
0.00000
0.00000
0.00000
1.00000
0.00000
0.00000
0.00000
0.00000
0.00000
0.00000
1.00000
0.00000
0.00000
0.00000
1.00000
0.00000
0.00000
0.00000
0.00000
0.00000
0.00000
0.00000
0.00000
0.00000
0.00000
0.00000
0.00000
0.00000
0.00000
0.00000
0.00000
0.00000
0.00000
0.00000
0.00000
0.00000
0.00000
0.00000
0.00000
0.00000
0.00000
0.00000
0.00000
0.00000
0.00000
0.00000
0.00000
0.00000
0.00000
1.00000
0.00000
0.00000
0.00000
0.00000
0.00000
0.00000
0.00000
0.00000
1.00000
0.00000
0.00000
0.00000
0.00000
0.00000
0.00000
0.00000
0.00000
1.00000
0.00000
0.00000
0.00000
0.00000
0.00000
0.00000
0.00000
0.00000
0.00000
0.00000
0.00000
0.00000
0.00000
0.00000
0.00000
1.00000
0.00000
0.00000
1.00000
0.00000
0.00000
0.00000
0.00000
0.00000
0.00000
0.00000
0.00000
1.00000
0.00000
0.00000
0.00000
0.00000
0.00000
0.00000
0.00000
0.00000
0.00000
0.00000
0.00000
0.00000
0.00000
0.00000
0.00000
0.00000
0.00000
0.00000
0.00000
0.00000
0.00000
0.00000
0.00000
0.00000
0.00000
0.00000
0.00000
0.00000
0.00000
0.00000
0.00000
0.00000
0.00000
0.00000
0.00000
0.00000
0.00000
0.00000
0.00000
0.00000
0.00000
0.00000
0.00000
0.00000
0.00000
0.00000
0.00000
0.00000
0.00000
0.00000
0.00000
0.00000
0.00000
0.00000
0.00000
0.00000
0.00000
0.00000
0.00000
0.00000
0.00000
0.00000
0.00000
0.00000
0.00000
0.00000
0.00000
0.00000
0.00000
0.00000
1.00000
0.00000
0.00000
0.00000
0.00000
0.00000
0.00000
0.00000
0.00000
0.00000
0.00000
0.00000
0.00000
0.00000
0.00000
0.00000
0.00000
0.00000
0.00000
0.00000
0.00000
0.00000
0.00000
0.00000
0.00000
0.00000
0.00000
0.00000
0.00000
0.00000
0.00000
0.00000
0.00000
0.00000
0.00000
0.00000
0.00000
0.00000
0.00000
0.00000
0.00000
0.00000
0.00000
0.00000
0.00000
0.00000
0.00000
0.00000
0.00000
0.00000
0.00000
0.00000
0.00000
0.00000
0.00000
0.00000
0.00000
0.00000
0.00000
0.00000
0.00000
0.00000
0.00000
0.00000
0.00000
0.00000
0.00000
0.00000
0.00000
0.00000
0.00000
0.00000
0.00000
0.00000
0.00000
0.00000
0.00000
0.00000
0.00000
0.00000
0.00000
0.00000
0.00000
0.00000
0.00000
0.00000
0.00000
0.00000
0.00000
0.00000
0.00000
0.00000
0.00000
0.00000
0.00000
0.00000
0.00000
0.00000
0.00000
0.00000
0.00000
0.00000
0.00000
0.00000
0.00000
0.00000
0.00000
0.00000
0.00000
0.00000
0.00000
0.00000
0.00000
0.00000
0.00000
0.00000
0.00000
0.00000
0.00000
0.00000
0.00000
0.00000
0.00000
0.00000
0.00000
0.00000
0.00000
0.00000
0.00000
0.00000
0.00000
0.00000
0.00000
0.00000
0.00000
0.00000
0.00000
0.00000
0.00000
0.00000
0.00000
0.00000
0.00000
0.00000
0.00000
0.00000
0.00000
0.00000
0.00000
0.00000
0.00000
0.00000
0.00000
0.00000
0.00000
0.00000
0.00000
0.00000
0.00000
0.00000
0.00000
0.00000
0.00000
0.00000
0.00000
0.00000
0.00000
0.00000
0.00000
0.00000
0.00000
0.00000
0.00000
0.00000
0.00000
0.00000
0.00000
0.00000
0.00000
0.00000
0.00000
0.00000
0.00000
0.00000
0.00000
0.00000
0.00000
0.00000
0.00000
0.00000
0.00000
0.00000
0.00000
0.00000
0.00000
0.00000
0.00000
1.00000
0.00000
0.00000
0.00000
0.00000
0.00000
0.00000
0.00000
0.00000
0.00000
0.00000
0.00000
0.00000
0.00000
0.00000
0.00000
0.00000
0.00000
0.00000
0.00000
0.00000
0.00000
0.00000
0.00000
0.00000
0.00000
0.00000
0.00000
0.00000
0.00000
0.00000
0.00000
0.00000
0.00000
0.00000
0.00000
0.00000
0.00000
0.00000
0.00000
0.00000
0.00000
0.00000
0.00000
0.00000
0.00000
0.00000
0.00000
0.00000
0.00000
0.00000
0.00000
0.00000
0.00000
0.00000
0.00000
0.00000
0.00000
0.00000
0.00000
0.00000
0.00000
0.00000
0.00000
0.00000
0.00000
0.00000
0.00000
0.00000
0.00000
0.00000
0.00000
0.00000
0.00000
0.00000
0.00000
0.00000
0.00000
