# Photodiode spectrum recorded on Tue May  7 18:09:00 2024
# Acquisition time [s]: 532.93 s 
0.00000
0.00000
0.00000
0.00000
0.00000
0.00000
0.00000
0.00000
0.00000
0.00000
0.00000
0.00000
0.00000
0.00000
0.00000
0.00000
0.00000
0.00000
0.00000
0.00000
0.00000
0.00000
0.00000
0.00000
0.00000
0.00000
0.00000
0.00000
0.00000
0.00000
0.00000
0.00000
0.00000
0.00000
0.00000
0.00000
0.00000
0.00000
0.00000
0.00000
0.00000
0.00000
0.00000
0.00000
0.00000
0.00000
0.00000
0.00000
0.00000
0.00000
0.00000
0.00000
0.00000
0.00000
0.00000
0.00000
0.00000
0.00000
0.00000
0.00000
0.00000
0.00000
0.00000
0.00000
0.00000
0.00000
0.00000
0.00000
73.00000
395.00000
307.00000
246.00000
213.00000
184.00000
222.00000
196.00000
238.00000
202.00000
218.00000
193.00000
217.00000
211.00000
231.00000
206.00000
216.00000
231.00000
233.00000
223.00000
219.00000
237.00000
246.00000
245.00000
228.00000
258.00000
249.00000
273.00000
286.00000
273.00000
295.00000
288.00000
330.00000
338.00000
360.00000
384.00000
387.00000
361.00000
439.00000
429.00000
492.00000
528.00000
555.00000
637.00000
658.00000
659.00000
706.00000
757.00000
879.00000
868.00000
970.00000
947.00000
992.00000
1018.00000
1124.00000
1139.00000
1161.00000
1198.00000
1238.00000
1243.00000
1235.00000
1260.00000
1365.00000
1339.00000
1312.00000
1267.00000
1302.00000
1288.00000
1289.00000
1276.00000
1322.00000
1270.00000
1242.00000
1260.00000
1237.00000
1210.00000
1243.00000
1182.00000
1321.00000
1229.00000
1193.00000
1307.00000
1151.00000
1271.00000
1262.00000
1316.00000
1297.00000
1348.00000
1323.00000
1275.00000
1291.00000
1359.00000
1259.00000
1267.00000
1270.00000
1300.00000
1279.00000
1281.00000
1197.00000
1194.00000
1107.00000
1108.00000
1023.00000
1067.00000
1009.00000
952.00000
932.00000
890.00000
800.00000
798.00000
707.00000
675.00000
660.00000
615.00000
595.00000
597.00000
539.00000
521.00000
470.00000
499.00000
422.00000
404.00000
377.00000
383.00000
378.00000
364.00000
334.00000
320.00000
298.00000
331.00000
265.00000
275.00000
258.00000
270.00000
221.00000
231.00000
226.00000
194.00000
201.00000
205.00000
176.00000
158.00000
122.00000
139.00000
137.00000
111.00000
109.00000
95.00000
111.00000
106.00000
105.00000
91.00000
74.00000
84.00000
86.00000
70.00000
67.00000
74.00000
85.00000
75.00000
83.00000
82.00000
69.00000
79.00000
74.00000
61.00000
94.00000
88.00000
78.00000
82.00000
83.00000
74.00000
77.00000
70.00000
91.00000
75.00000
60.00000
74.00000
61.00000
60.00000
68.00000
57.00000
51.00000
60.00000
40.00000
51.00000
28.00000
37.00000
27.00000
35.00000
30.00000
22.00000
20.00000
21.00000
15.00000
17.00000
15.00000
11.00000
13.00000
13.00000
9.00000
5.00000
3.00000
6.00000
7.00000
12.00000
11.00000
7.00000
3.00000
7.00000
10.00000
8.00000
10.00000
10.00000
6.00000
11.00000
7.00000
3.00000
6.00000
8.00000
11.00000
12.00000
6.00000
13.00000
6.00000
5.00000
5.00000
7.00000
13.00000
11.00000
4.00000
4.00000
8.00000
5.00000
8.00000
11.00000
5.00000
6.00000
7.00000
1.00000
4.00000
2.00000
7.00000
6.00000
4.00000
6.00000
3.00000
3.00000
4.00000
5.00000
6.00000
3.00000
3.00000
2.00000
3.00000
0.00000
4.00000
0.00000
3.00000
1.00000
2.00000
2.00000
2.00000
2.00000
2.00000
1.00000
4.00000
5.00000
4.00000
7.00000
4.00000
2.00000
1.00000
0.00000
1.00000
3.00000
1.00000
0.00000
5.00000
0.00000
0.00000
1.00000
2.00000
0.00000
2.00000
2.00000
1.00000
0.00000
0.00000
2.00000
0.00000
2.00000
0.00000
1.00000
0.00000
3.00000
2.00000
3.00000
0.00000
1.00000
1.00000
2.00000
2.00000
1.00000
2.00000
1.00000
2.00000
2.00000
1.00000
2.00000
4.00000
2.00000
0.00000
3.00000
3.00000
4.00000
4.00000
2.00000
4.00000
1.00000
2.00000
3.00000
5.00000
3.00000
3.00000
3.00000
3.00000
2.00000
0.00000
2.00000
4.00000
2.00000
5.00000
2.00000
2.00000
6.00000
4.00000
1.00000
4.00000
2.00000
4.00000
1.00000
3.00000
3.00000
7.00000
4.00000
2.00000
10.00000
5.00000
3.00000
3.00000
4.00000
2.00000
2.00000
6.00000
4.00000
6.00000
7.00000
5.00000
5.00000
3.00000
5.00000
7.00000
1.00000
8.00000
5.00000
7.00000
9.00000
12.00000
5.00000
10.00000
7.00000
11.00000
15.00000
13.00000
5.00000
7.00000
11.00000
6.00000
6.00000
8.00000
10.00000
7.00000
7.00000
15.00000
5.00000
5.00000
9.00000
3.00000
8.00000
5.00000
6.00000
10.00000
6.00000
12.00000
6.00000
9.00000
10.00000
12.00000
9.00000
11.00000
6.00000
9.00000
7.00000
13.00000
8.00000
5.00000
1.00000
5.00000
1.00000
5.00000
6.00000
10.00000
6.00000
9.00000
4.00000
8.00000
7.00000
9.00000
6.00000
4.00000
6.00000
8.00000
6.00000
9.00000
9.00000
6.00000
7.00000
12.00000
11.00000
5.00000
13.00000
10.00000
6.00000
21.00000
7.00000
9.00000
15.00000
24.00000
25.00000
31.00000
23.00000
24.00000
42.00000
33.00000
46.00000
49.00000
46.00000
61.00000
54.00000
74.00000
72.00000
71.00000
70.00000
79.00000
86.00000
88.00000
62.00000
93.00000
85.00000
94.00000
97.00000
97.00000
92.00000
95.00000
81.00000
92.00000
96.00000
83.00000
97.00000
85.00000
72.00000
91.00000
67.00000
78.00000
65.00000
63.00000
60.00000
56.00000
45.00000
47.00000
33.00000
32.00000
24.00000
25.00000
20.00000
16.00000
18.00000
18.00000
14.00000
17.00000
14.00000
11.00000
12.00000
14.00000
8.00000
5.00000
5.00000
3.00000
1.00000
2.00000
5.00000
1.00000
1.00000
1.00000
1.00000
2.00000
0.00000
0.00000
0.00000
1.00000
0.00000
0.00000
0.00000
0.00000
0.00000
0.00000
0.00000
1.00000
0.00000
0.00000
0.00000
0.00000
0.00000
1.00000
0.00000
0.00000
0.00000
0.00000
0.00000
0.00000
0.00000
0.00000
0.00000
0.00000
0.00000
0.00000
0.00000
0.00000
0.00000
0.00000
0.00000
0.00000
0.00000
0.00000
0.00000
0.00000
0.00000
1.00000
1.00000
0.00000
0.00000
0.00000
1.00000
1.00000
1.00000
0.00000
0.00000
0.00000
0.00000
0.00000
0.00000
0.00000
0.00000
0.00000
0.00000
0.00000
0.00000
0.00000
0.00000
0.00000
0.00000
0.00000
0.00000
0.00000
0.00000
1.00000
0.00000
0.00000
0.00000
0.00000
0.00000
0.00000
1.00000
0.00000
0.00000
0.00000
0.00000
0.00000
0.00000
0.00000
0.00000
0.00000
0.00000
0.00000
0.00000
1.00000
0.00000
0.00000
0.00000
0.00000
0.00000
0.00000
0.00000
1.00000
0.00000
0.00000
0.00000
0.00000
0.00000
0.00000
0.00000
0.00000
0.00000
0.00000
0.00000
0.00000
0.00000
0.00000
0.00000
0.00000
0.00000
0.00000
0.00000
0.00000
0.00000
0.00000
0.00000
0.00000
0.00000
0.00000
0.00000
0.00000
0.00000
0.00000
0.00000
0.00000
0.00000
0.00000
0.00000
0.00000
0.00000
0.00000
1.00000
0.00000
0.00000
0.00000
0.00000
0.00000
0.00000
0.00000
1.00000
0.00000
0.00000
0.00000
0.00000
0.00000
0.00000
0.00000
0.00000
0.00000
0.00000
0.00000
0.00000
0.00000
0.00000
0.00000
0.00000
0.00000
0.00000
0.00000
0.00000
0.00000
0.00000
0.00000
0.00000
0.00000
0.00000
0.00000
0.00000
0.00000
0.00000
0.00000
0.00000
0.00000
0.00000
0.00000
0.00000
0.00000
0.00000
0.00000
0.00000
1.00000
0.00000
0.00000
0.00000
0.00000
0.00000
0.00000
0.00000
0.00000
0.00000
0.00000
0.00000
0.00000
0.00000
0.00000
0.00000
0.00000
0.00000
0.00000
0.00000
0.00000
0.00000
0.00000
0.00000
0.00000
0.00000
0.00000
0.00000
0.00000
0.00000
0.00000
0.00000
0.00000
0.00000
0.00000
0.00000
0.00000
0.00000
0.00000
0.00000
0.00000
0.00000
0.00000
0.00000
0.00000
0.00000
0.00000
0.00000
0.00000
0.00000
0.00000
1.00000
0.00000
0.00000
0.00000
0.00000
0.00000
0.00000
0.00000
0.00000
0.00000
0.00000
0.00000
0.00000
0.00000
0.00000
0.00000
0.00000
0.00000
0.00000
0.00000
0.00000
0.00000
0.00000
0.00000
0.00000
0.00000
0.00000
0.00000
0.00000
0.00000
0.00000
0.00000
1.00000
0.00000
0.00000
0.00000
0.00000
0.00000
0.00000
0.00000
0.00000
0.00000
0.00000
0.00000
0.00000
0.00000
0.00000
0.00000
0.00000
0.00000
0.00000
0.00000
0.00000
0.00000
1.00000
0.00000
0.00000
0.00000
0.00000
0.00000
0.00000
0.00000
0.00000
0.00000
0.00000
0.00000
0.00000
0.00000
0.00000
0.00000
0.00000
0.00000
0.00000
0.00000
0.00000
0.00000
0.00000
0.00000
0.00000
0.00000
0.00000
0.00000
0.00000
0.00000
0.00000
0.00000
0.00000
0.00000
0.00000
0.00000
0.00000
0.00000
0.00000
0.00000
0.00000
0.00000
0.00000
0.00000
1.00000
0.00000
0.00000
0.00000
1.00000
0.00000
0.00000
0.00000
0.00000
0.00000
0.00000
0.00000
0.00000
0.00000
0.00000
0.00000
0.00000
0.00000
0.00000
0.00000
0.00000
0.00000
0.00000
0.00000
0.00000
0.00000
0.00000
0.00000
0.00000
0.00000
0.00000
0.00000
0.00000
0.00000
0.00000
0.00000
0.00000
0.00000
0.00000
0.00000
0.00000
0.00000
0.00000
0.00000
0.00000
0.00000
0.00000
0.00000
0.00000
0.00000
0.00000
0.00000
0.00000
0.00000
0.00000
0.00000
0.00000
0.00000
0.00000
0.00000
0.00000
0.00000
0.00000
0.00000
0.00000
0.00000
0.00000
0.00000
0.00000
0.00000
0.00000
0.00000
0.00000
0.00000
0.00000
0.00000
0.00000
0.00000
0.00000
0.00000
0.00000
0.00000
1.00000
0.00000
0.00000
0.00000
0.00000
0.00000
0.00000
0.00000
0.00000
1.00000
0.00000
0.00000
0.00000
0.00000
1.00000
0.00000
0.00000
0.00000
0.00000
0.00000
0.00000
0.00000
0.00000
0.00000
0.00000
0.00000
0.00000
0.00000
0.00000
0.00000
0.00000
0.00000
0.00000
