# Photodiode spectrum recorded on Tue May  7 15:30:28 2024
# Acquisition time [s]: 147.14 s 
0.00000
0.00000
0.00000
0.00000
0.00000
0.00000
0.00000
0.00000
0.00000
0.00000
0.00000
0.00000
0.00000
0.00000
0.00000
0.00000
0.00000
0.00000
0.00000
0.00000
0.00000
0.00000
0.00000
0.00000
0.00000
0.00000
0.00000
0.00000
0.00000
0.00000
0.00000
0.00000
0.00000
0.00000
0.00000
0.00000
0.00000
0.00000
0.00000
0.00000
0.00000
0.00000
0.00000
0.00000
0.00000
0.00000
0.00000
0.00000
0.00000
0.00000
0.00000
0.00000
0.00000
0.00000
0.00000
0.00000
0.00000
0.00000
0.00000
0.00000
0.00000
0.00000
14.00000
227.00000
188.00000
145.00000
122.00000
109.00000
94.00000
79.00000
67.00000
73.00000
54.00000
47.00000
52.00000
54.00000
48.00000
53.00000
54.00000
62.00000
58.00000
60.00000
61.00000
46.00000
51.00000
50.00000
67.00000
75.00000
79.00000
63.00000
64.00000
71.00000
73.00000
62.00000
82.00000
66.00000
76.00000
64.00000
79.00000
78.00000
86.00000
67.00000
84.00000
101.00000
80.00000
118.00000
119.00000
128.00000
126.00000
154.00000
147.00000
154.00000
166.00000
178.00000
178.00000
197.00000
201.00000
218.00000
265.00000
253.00000
240.00000
255.00000
285.00000
314.00000
265.00000
302.00000
322.00000
326.00000
362.00000
341.00000
351.00000
377.00000
342.00000
332.00000
350.00000
345.00000
349.00000
339.00000
355.00000
341.00000
372.00000
342.00000
333.00000
357.00000
312.00000
333.00000
321.00000
321.00000
327.00000
330.00000
334.00000
368.00000
349.00000
333.00000
311.00000
391.00000
327.00000
371.00000
350.00000
341.00000
361.00000
321.00000
363.00000
355.00000
364.00000
333.00000
344.00000
330.00000
333.00000
304.00000
325.00000
270.00000
292.00000
246.00000
269.00000
243.00000
250.00000
206.00000
200.00000
195.00000
190.00000
177.00000
166.00000
181.00000
174.00000
149.00000
151.00000
136.00000
128.00000
118.00000
129.00000
104.00000
120.00000
111.00000
90.00000
103.00000
91.00000
75.00000
84.00000
89.00000
79.00000
77.00000
79.00000
59.00000
67.00000
70.00000
58.00000
51.00000
53.00000
48.00000
40.00000
60.00000
43.00000
38.00000
30.00000
42.00000
35.00000
27.00000
15.00000
29.00000
25.00000
15.00000
19.00000
13.00000
15.00000
18.00000
26.00000
15.00000
19.00000
25.00000
15.00000
25.00000
19.00000
16.00000
23.00000
16.00000
21.00000
24.00000
23.00000
20.00000
19.00000
21.00000
25.00000
18.00000
26.00000
23.00000
21.00000
20.00000
6.00000
15.00000
19.00000
17.00000
10.00000
13.00000
14.00000
15.00000
13.00000
15.00000
14.00000
9.00000
13.00000
11.00000
5.00000
7.00000
3.00000
0.00000
5.00000
5.00000
3.00000
3.00000
2.00000
7.00000
2.00000
3.00000
1.00000
3.00000
2.00000
0.00000
3.00000
3.00000
4.00000
0.00000
0.00000
2.00000
2.00000
2.00000
2.00000
0.00000
3.00000
3.00000
4.00000
0.00000
0.00000
1.00000
2.00000
2.00000
3.00000
3.00000
3.00000
7.00000
2.00000
0.00000
3.00000
0.00000
2.00000
2.00000
2.00000
1.00000
1.00000
1.00000
1.00000
2.00000
3.00000
1.00000
0.00000
0.00000
1.00000
0.00000
0.00000
2.00000
1.00000
1.00000
2.00000
0.00000
1.00000
0.00000
0.00000
0.00000
0.00000
0.00000
0.00000
0.00000
1.00000
1.00000
0.00000
0.00000
1.00000
3.00000
0.00000
0.00000
0.00000
1.00000
1.00000
0.00000
0.00000
0.00000
1.00000
0.00000
1.00000
0.00000
1.00000
0.00000
0.00000
0.00000
1.00000
1.00000
0.00000
3.00000
0.00000
0.00000
0.00000
0.00000
0.00000
1.00000
0.00000
1.00000
2.00000
0.00000
0.00000
1.00000
0.00000
1.00000
0.00000
0.00000
1.00000
0.00000
0.00000
0.00000
1.00000
1.00000
1.00000
0.00000
2.00000
0.00000
0.00000
1.00000
0.00000
0.00000
0.00000
1.00000
4.00000
0.00000
0.00000
0.00000
0.00000
3.00000
1.00000
1.00000
1.00000
2.00000
1.00000
0.00000
0.00000
2.00000
0.00000
1.00000
0.00000
0.00000
2.00000
0.00000
0.00000
0.00000
0.00000
2.00000
0.00000
0.00000
0.00000
0.00000
0.00000
0.00000
3.00000
2.00000
0.00000
2.00000
1.00000
1.00000
2.00000
0.00000
1.00000
1.00000
0.00000
3.00000
1.00000
1.00000
2.00000
3.00000
5.00000
2.00000
0.00000
3.00000
1.00000
1.00000
1.00000
2.00000
3.00000
2.00000
0.00000
3.00000
2.00000
3.00000
3.00000
2.00000
0.00000
4.00000
1.00000
4.00000
3.00000
2.00000
3.00000
4.00000
3.00000
0.00000
3.00000
1.00000
2.00000
3.00000
1.00000
1.00000
4.00000
1.00000
2.00000
1.00000
4.00000
2.00000
2.00000
2.00000
1.00000
1.00000
1.00000
3.00000
5.00000
2.00000
0.00000
0.00000
1.00000
0.00000
3.00000
2.00000
3.00000
3.00000
1.00000
4.00000
2.00000
3.00000
2.00000
1.00000
2.00000
1.00000
4.00000
2.00000
3.00000
2.00000
1.00000
2.00000
1.00000
2.00000
3.00000
3.00000
1.00000
1.00000
8.00000
2.00000
4.00000
4.00000
0.00000
7.00000
6.00000
8.00000
9.00000
9.00000
8.00000
8.00000
6.00000
11.00000
16.00000
11.00000
12.00000
15.00000
28.00000
20.00000
18.00000
20.00000
25.00000
19.00000
19.00000
30.00000
34.00000
28.00000
31.00000
21.00000
41.00000
22.00000
26.00000
27.00000
30.00000
22.00000
19.00000
28.00000
15.00000
19.00000
20.00000
15.00000
16.00000
26.00000
14.00000
14.00000
15.00000
12.00000
10.00000
7.00000
10.00000
7.00000
5.00000
6.00000
3.00000
5.00000
6.00000
4.00000
1.00000
3.00000
3.00000
1.00000
3.00000
2.00000
4.00000
0.00000
0.00000
0.00000
0.00000
0.00000
0.00000
1.00000
0.00000
0.00000
0.00000
0.00000
0.00000
1.00000
0.00000
0.00000
1.00000
0.00000
0.00000
0.00000
0.00000
0.00000
0.00000
0.00000
0.00000
0.00000
0.00000
0.00000
0.00000
0.00000
0.00000
0.00000
0.00000
0.00000
0.00000
0.00000
0.00000
0.00000
0.00000
0.00000
0.00000
0.00000
0.00000
0.00000
0.00000
0.00000
0.00000
0.00000
0.00000
0.00000
0.00000
0.00000
0.00000
0.00000
0.00000
0.00000
0.00000
0.00000
0.00000
0.00000
0.00000
0.00000
0.00000
0.00000
0.00000
0.00000
0.00000
0.00000
0.00000
0.00000
0.00000
0.00000
0.00000
0.00000
0.00000
0.00000
0.00000
0.00000
0.00000
0.00000
0.00000
0.00000
0.00000
0.00000
0.00000
0.00000
0.00000
0.00000
0.00000
0.00000
0.00000
0.00000
0.00000
0.00000
0.00000
0.00000
0.00000
0.00000
0.00000
0.00000
0.00000
0.00000
0.00000
0.00000
0.00000
0.00000
0.00000
0.00000
0.00000
0.00000
0.00000
0.00000
0.00000
0.00000
0.00000
0.00000
0.00000
0.00000
0.00000
0.00000
0.00000
0.00000
0.00000
0.00000
0.00000
0.00000
0.00000
0.00000
0.00000
0.00000
0.00000
0.00000
0.00000
0.00000
0.00000
0.00000
0.00000
0.00000
0.00000
0.00000
0.00000
0.00000
0.00000
0.00000
0.00000
0.00000
0.00000
0.00000
0.00000
0.00000
0.00000
0.00000
0.00000
0.00000
0.00000
0.00000
0.00000
0.00000
0.00000
0.00000
0.00000
0.00000
0.00000
0.00000
0.00000
0.00000
0.00000
0.00000
0.00000
0.00000
0.00000
0.00000
0.00000
0.00000
0.00000
0.00000
0.00000
0.00000
0.00000
0.00000
0.00000
0.00000
0.00000
0.00000
0.00000
0.00000
0.00000
0.00000
0.00000
0.00000
0.00000
0.00000
0.00000
0.00000
0.00000
0.00000
0.00000
0.00000
0.00000
0.00000
0.00000
0.00000
0.00000
0.00000
0.00000
0.00000
0.00000
0.00000
0.00000
0.00000
0.00000
0.00000
0.00000
0.00000
0.00000
0.00000
0.00000
0.00000
0.00000
0.00000
0.00000
0.00000
0.00000
0.00000
0.00000
0.00000
0.00000
0.00000
0.00000
0.00000
0.00000
0.00000
0.00000
0.00000
0.00000
0.00000
0.00000
0.00000
0.00000
0.00000
0.00000
0.00000
0.00000
0.00000
0.00000
0.00000
0.00000
0.00000
0.00000
0.00000
0.00000
0.00000
0.00000
0.00000
0.00000
0.00000
0.00000
0.00000
0.00000
0.00000
0.00000
0.00000
0.00000
0.00000
0.00000
0.00000
0.00000
0.00000
0.00000
0.00000
0.00000
0.00000
0.00000
0.00000
0.00000
0.00000
0.00000
0.00000
0.00000
0.00000
0.00000
0.00000
0.00000
0.00000
0.00000
0.00000
0.00000
0.00000
0.00000
0.00000
0.00000
0.00000
0.00000
0.00000
0.00000
0.00000
0.00000
0.00000
1.00000
0.00000
0.00000
0.00000
0.00000
0.00000
0.00000
0.00000
0.00000
0.00000
0.00000
0.00000
0.00000
0.00000
0.00000
0.00000
0.00000
0.00000
0.00000
0.00000
0.00000
0.00000
0.00000
0.00000
0.00000
0.00000
0.00000
0.00000
0.00000
0.00000
0.00000
0.00000
0.00000
0.00000
0.00000
0.00000
0.00000
0.00000
0.00000
0.00000
0.00000
0.00000
0.00000
0.00000
0.00000
0.00000
0.00000
0.00000
0.00000
1.00000
0.00000
0.00000
0.00000
0.00000
0.00000
0.00000
0.00000
0.00000
0.00000
0.00000
0.00000
0.00000
0.00000
0.00000
0.00000
0.00000
0.00000
0.00000
0.00000
0.00000
0.00000
1.00000
0.00000
0.00000
0.00000
0.00000
0.00000
0.00000
0.00000
0.00000
0.00000
0.00000
0.00000
0.00000
1.00000
0.00000
0.00000
0.00000
0.00000
0.00000
0.00000
0.00000
0.00000
0.00000
0.00000
0.00000
0.00000
0.00000
0.00000
0.00000
0.00000
0.00000
0.00000
0.00000
0.00000
0.00000
0.00000
0.00000
0.00000
0.00000
0.00000
0.00000
0.00000
0.00000
0.00000
0.00000
0.00000
0.00000
0.00000
0.00000
0.00000
0.00000
0.00000
0.00000
0.00000
0.00000
0.00000
0.00000
0.00000
0.00000
0.00000
0.00000
0.00000
0.00000
0.00000
0.00000
0.00000
0.00000
0.00000
0.00000
1.00000
0.00000
0.00000
0.00000
0.00000
0.00000
0.00000
0.00000
0.00000
0.00000
0.00000
0.00000
