# Photodiode spectrum recorded on Tue May  7 17:24:00 2024
# Acquisition time [s]: 89.50 s 
0.00000
0.00000
0.00000
0.00000
0.00000
0.00000
0.00000
0.00000
0.00000
0.00000
0.00000
0.00000
0.00000
0.00000
0.00000
0.00000
0.00000
0.00000
0.00000
0.00000
0.00000
0.00000
0.00000
0.00000
0.00000
0.00000
0.00000
0.00000
0.00000
0.00000
0.00000
0.00000
0.00000
0.00000
0.00000
0.00000
0.00000
0.00000
0.00000
0.00000
0.00000
0.00000
0.00000
0.00000
0.00000
0.00000
0.00000
0.00000
0.00000
0.00000
0.00000
0.00000
0.00000
0.00000
0.00000
0.00000
0.00000
0.00000
0.00000
0.00000
0.00000
0.00000
0.00000
0.00000
0.00000
0.00000
0.00000
0.00000
21.00000
44.00000
27.00000
36.00000
20.00000
18.00000
21.00000
23.00000
27.00000
26.00000
19.00000
14.00000
17.00000
12.00000
20.00000
26.00000
17.00000
27.00000
19.00000
19.00000
26.00000
23.00000
18.00000
24.00000
23.00000
20.00000
27.00000
22.00000
31.00000
27.00000
22.00000
35.00000
30.00000
26.00000
29.00000
27.00000
34.00000
42.00000
29.00000
42.00000
33.00000
52.00000
60.00000
55.00000
59.00000
71.00000
64.00000
80.00000
70.00000
74.00000
81.00000
80.00000
89.00000
97.00000
89.00000
105.00000
99.00000
122.00000
107.00000
118.00000
116.00000
124.00000
96.00000
131.00000
133.00000
117.00000
105.00000
120.00000
133.00000
122.00000
108.00000
133.00000
133.00000
103.00000
116.00000
94.00000
115.00000
125.00000
114.00000
129.00000
113.00000
105.00000
133.00000
93.00000
126.00000
123.00000
123.00000
115.00000
144.00000
121.00000
124.00000
122.00000
128.00000
152.00000
105.00000
110.00000
130.00000
127.00000
115.00000
104.00000
120.00000
136.00000
104.00000
108.00000
109.00000
107.00000
103.00000
82.00000
77.00000
85.00000
77.00000
88.00000
74.00000
63.00000
65.00000
50.00000
52.00000
46.00000
54.00000
50.00000
37.00000
38.00000
43.00000
37.00000
35.00000
45.00000
26.00000
32.00000
28.00000
43.00000
30.00000
37.00000
24.00000
22.00000
28.00000
33.00000
22.00000
27.00000
16.00000
19.00000
14.00000
11.00000
19.00000
24.00000
9.00000
18.00000
14.00000
16.00000
11.00000
7.00000
10.00000
11.00000
12.00000
11.00000
11.00000
10.00000
3.00000
9.00000
6.00000
6.00000
10.00000
9.00000
7.00000
8.00000
10.00000
11.00000
8.00000
6.00000
12.00000
8.00000
7.00000
8.00000
6.00000
8.00000
7.00000
6.00000
10.00000
4.00000
8.00000
5.00000
9.00000
5.00000
4.00000
6.00000
11.00000
2.00000
3.00000
5.00000
4.00000
4.00000
4.00000
1.00000
4.00000
0.00000
4.00000
2.00000
5.00000
2.00000
2.00000
1.00000
2.00000
1.00000
0.00000
0.00000
2.00000
1.00000
1.00000
0.00000
0.00000
0.00000
0.00000
1.00000
1.00000
0.00000
1.00000
1.00000
0.00000
0.00000
0.00000
0.00000
0.00000
0.00000
1.00000
4.00000
0.00000
1.00000
1.00000
0.00000
0.00000
2.00000
0.00000
0.00000
2.00000
0.00000
2.00000
0.00000
0.00000
1.00000
0.00000
0.00000
0.00000
0.00000
0.00000
0.00000
1.00000
1.00000
1.00000
0.00000
0.00000
0.00000
0.00000
0.00000
0.00000
0.00000
0.00000
1.00000
0.00000
0.00000
0.00000
0.00000
0.00000
0.00000
0.00000
0.00000
0.00000
0.00000
0.00000
0.00000
1.00000
0.00000
0.00000
1.00000
0.00000
0.00000
0.00000
0.00000
0.00000
0.00000
0.00000
0.00000
0.00000
0.00000
0.00000
0.00000
0.00000
0.00000
0.00000
0.00000
1.00000
0.00000
0.00000
0.00000
0.00000
0.00000
0.00000
0.00000
0.00000
0.00000
0.00000
0.00000
0.00000
0.00000
0.00000
0.00000
0.00000
0.00000
0.00000
0.00000
1.00000
0.00000
0.00000
2.00000
0.00000
0.00000
0.00000
0.00000
0.00000
0.00000
1.00000
0.00000
0.00000
0.00000
0.00000
0.00000
0.00000
0.00000
0.00000
0.00000
0.00000
1.00000
0.00000
0.00000
1.00000
0.00000
0.00000
0.00000
0.00000
0.00000
1.00000
0.00000
1.00000
1.00000
0.00000
0.00000
1.00000
1.00000
1.00000
0.00000
0.00000
0.00000
0.00000
0.00000
1.00000
2.00000
0.00000
0.00000
0.00000
0.00000
0.00000
0.00000
1.00000
0.00000
0.00000
0.00000
0.00000
0.00000
0.00000
0.00000
0.00000
0.00000
2.00000
0.00000
0.00000
1.00000
0.00000
0.00000
0.00000
1.00000
1.00000
2.00000
1.00000
1.00000
0.00000
1.00000
1.00000
3.00000
1.00000
2.00000
2.00000
1.00000
1.00000
1.00000
1.00000
0.00000
1.00000
0.00000
0.00000
0.00000
1.00000
0.00000
0.00000
2.00000
3.00000
1.00000
1.00000
0.00000
1.00000
2.00000
2.00000
0.00000
0.00000
2.00000
1.00000
0.00000
1.00000
0.00000
1.00000
1.00000
0.00000
0.00000
0.00000
2.00000
2.00000
0.00000
0.00000
0.00000
0.00000
0.00000
1.00000
0.00000
1.00000
0.00000
0.00000
1.00000
0.00000
0.00000
2.00000
1.00000
2.00000
0.00000
2.00000
3.00000
2.00000
1.00000
2.00000
0.00000
4.00000
2.00000
0.00000
4.00000
2.00000
5.00000
2.00000
4.00000
4.00000
5.00000
5.00000
6.00000
3.00000
6.00000
5.00000
5.00000
3.00000
9.00000
8.00000
4.00000
8.00000
12.00000
11.00000
8.00000
11.00000
9.00000
3.00000
9.00000
6.00000
9.00000
12.00000
8.00000
7.00000
5.00000
6.00000
7.00000
8.00000
6.00000
4.00000
10.00000
4.00000
5.00000
7.00000
6.00000
5.00000
3.00000
2.00000
3.00000
0.00000
2.00000
2.00000
2.00000
0.00000
4.00000
2.00000
1.00000
0.00000
2.00000
0.00000
1.00000
0.00000
1.00000
0.00000
0.00000
0.00000
0.00000
0.00000
0.00000
0.00000
0.00000
0.00000
0.00000
0.00000
0.00000
0.00000
0.00000
0.00000
0.00000
0.00000
0.00000
0.00000
0.00000
0.00000
0.00000
0.00000
0.00000
0.00000
0.00000
0.00000
0.00000
0.00000
0.00000
0.00000
0.00000
0.00000
0.00000
0.00000
0.00000
0.00000
0.00000
0.00000
0.00000
0.00000
0.00000
0.00000
0.00000
0.00000
0.00000
0.00000
0.00000
0.00000
0.00000
0.00000
0.00000
0.00000
0.00000
0.00000
0.00000
0.00000
0.00000
0.00000
0.00000
0.00000
0.00000
0.00000
0.00000
0.00000
0.00000
0.00000
0.00000
0.00000
0.00000
0.00000
0.00000
0.00000
0.00000
0.00000
0.00000
0.00000
0.00000
0.00000
0.00000
0.00000
0.00000
0.00000
0.00000
0.00000
0.00000
0.00000
0.00000
0.00000
0.00000
0.00000
0.00000
0.00000
0.00000
0.00000
0.00000
0.00000
0.00000
0.00000
0.00000
0.00000
0.00000
0.00000
0.00000
0.00000
0.00000
0.00000
0.00000
0.00000
0.00000
0.00000
0.00000
0.00000
0.00000
0.00000
0.00000
0.00000
0.00000
1.00000
0.00000
0.00000
0.00000
0.00000
0.00000
0.00000
0.00000
0.00000
0.00000
0.00000
0.00000
0.00000
0.00000
0.00000
0.00000
0.00000
0.00000
0.00000
0.00000
0.00000
0.00000
0.00000
0.00000
0.00000
0.00000
0.00000
0.00000
0.00000
0.00000
0.00000
0.00000
0.00000
0.00000
0.00000
0.00000
0.00000
0.00000
0.00000
0.00000
0.00000
0.00000
0.00000
0.00000
0.00000
0.00000
0.00000
0.00000
0.00000
0.00000
0.00000
0.00000
0.00000
0.00000
0.00000
0.00000
0.00000
0.00000
0.00000
0.00000
0.00000
0.00000
0.00000
0.00000
0.00000
0.00000
0.00000
0.00000
0.00000
0.00000
0.00000
0.00000
0.00000
0.00000
0.00000
0.00000
0.00000
0.00000
0.00000
0.00000
0.00000
0.00000
0.00000
0.00000
0.00000
0.00000
0.00000
0.00000
0.00000
0.00000
0.00000
0.00000
0.00000
0.00000
0.00000
0.00000
0.00000
0.00000
0.00000
0.00000
0.00000
0.00000
0.00000
0.00000
0.00000
0.00000
0.00000
0.00000
0.00000
0.00000
0.00000
0.00000
0.00000
0.00000
0.00000
0.00000
0.00000
0.00000
0.00000
0.00000
0.00000
0.00000
0.00000
0.00000
0.00000
0.00000
0.00000
0.00000
0.00000
0.00000
0.00000
0.00000
0.00000
0.00000
0.00000
0.00000
0.00000
0.00000
0.00000
0.00000
0.00000
0.00000
0.00000
0.00000
0.00000
0.00000
0.00000
0.00000
0.00000
0.00000
0.00000
0.00000
0.00000
0.00000
0.00000
0.00000
0.00000
0.00000
0.00000
0.00000
0.00000
0.00000
0.00000
0.00000
0.00000
0.00000
0.00000
0.00000
0.00000
0.00000
0.00000
0.00000
0.00000
0.00000
0.00000
0.00000
0.00000
0.00000
0.00000
0.00000
0.00000
0.00000
0.00000
0.00000
0.00000
0.00000
0.00000
0.00000
0.00000
0.00000
0.00000
0.00000
0.00000
0.00000
0.00000
0.00000
0.00000
0.00000
0.00000
0.00000
0.00000
0.00000
0.00000
0.00000
0.00000
0.00000
0.00000
0.00000
0.00000
0.00000
0.00000
0.00000
0.00000
0.00000
0.00000
0.00000
0.00000
0.00000
0.00000
0.00000
0.00000
0.00000
0.00000
0.00000
0.00000
0.00000
0.00000
0.00000
0.00000
0.00000
0.00000
0.00000
0.00000
0.00000
0.00000
0.00000
0.00000
0.00000
0.00000
0.00000
0.00000
0.00000
0.00000
0.00000
0.00000
0.00000
0.00000
0.00000
0.00000
0.00000
0.00000
0.00000
0.00000
0.00000
0.00000
0.00000
0.00000
0.00000
0.00000
0.00000
0.00000
0.00000
0.00000
0.00000
0.00000
0.00000
0.00000
0.00000
0.00000
0.00000
0.00000
0.00000
0.00000
0.00000
0.00000
0.00000
0.00000
0.00000
0.00000
0.00000
0.00000
0.00000
0.00000
0.00000
0.00000
0.00000
0.00000
0.00000
0.00000
0.00000
0.00000
0.00000
0.00000
0.00000
0.00000
0.00000
0.00000
0.00000
0.00000
0.00000
0.00000
0.00000
0.00000
0.00000
0.00000
0.00000
0.00000
0.00000
0.00000
0.00000
0.00000
0.00000
0.00000
0.00000
0.00000
0.00000
0.00000
0.00000
0.00000
0.00000
0.00000
0.00000
0.00000
0.00000
0.00000
0.00000
0.00000
0.00000
0.00000
0.00000
