# Photodiode spectrum recorded on Tue May  7 17:31:27 2024
# Acquisition time [s]: 206.78 s 
0.00000
0.00000
0.00000
0.00000
0.00000
0.00000
0.00000
0.00000
0.00000
0.00000
0.00000
0.00000
0.00000
0.00000
0.00000
0.00000
0.00000
0.00000
0.00000
0.00000
0.00000
0.00000
0.00000
0.00000
0.00000
0.00000
0.00000
0.00000
0.00000
0.00000
0.00000
0.00000
0.00000
0.00000
0.00000
0.00000
0.00000
0.00000
0.00000
0.00000
0.00000
0.00000
0.00000
0.00000
0.00000
0.00000
0.00000
0.00000
0.00000
0.00000
0.00000
0.00000
0.00000
0.00000
0.00000
0.00000
0.00000
0.00000
0.00000
0.00000
0.00000
0.00000
0.00000
0.00000
0.00000
0.00000
0.00000
0.00000
38.00000
108.00000
77.00000
57.00000
47.00000
39.00000
35.00000
26.00000
28.00000
20.00000
27.00000
23.00000
26.00000
24.00000
26.00000
30.00000
36.00000
32.00000
28.00000
32.00000
28.00000
28.00000
34.00000
41.00000
33.00000
36.00000
31.00000
37.00000
44.00000
40.00000
42.00000
39.00000
37.00000
41.00000
32.00000
41.00000
52.00000
48.00000
64.00000
52.00000
61.00000
70.00000
93.00000
70.00000
79.00000
65.00000
72.00000
84.00000
92.00000
112.00000
105.00000
106.00000
147.00000
147.00000
127.00000
136.00000
153.00000
147.00000
175.00000
150.00000
156.00000
164.00000
159.00000
184.00000
196.00000
146.00000
191.00000
159.00000
186.00000
177.00000
184.00000
180.00000
164.00000
150.00000
175.00000
176.00000
159.00000
139.00000
173.00000
153.00000
169.00000
134.00000
149.00000
141.00000
170.00000
177.00000
180.00000
167.00000
166.00000
165.00000
187.00000
166.00000
152.00000
168.00000
169.00000
182.00000
160.00000
174.00000
190.00000
176.00000
167.00000
152.00000
153.00000
147.00000
158.00000
155.00000
127.00000
130.00000
128.00000
119.00000
106.00000
118.00000
107.00000
120.00000
95.00000
87.00000
104.00000
98.00000
67.00000
75.00000
69.00000
76.00000
64.00000
55.00000
58.00000
50.00000
46.00000
47.00000
48.00000
42.00000
33.00000
45.00000
22.00000
36.00000
40.00000
35.00000
44.00000
27.00000
34.00000
18.00000
32.00000
22.00000
27.00000
30.00000
22.00000
27.00000
24.00000
17.00000
22.00000
12.00000
11.00000
9.00000
20.00000
16.00000
14.00000
12.00000
7.00000
17.00000
9.00000
9.00000
10.00000
5.00000
7.00000
14.00000
13.00000
17.00000
13.00000
8.00000
10.00000
8.00000
9.00000
13.00000
14.00000
8.00000
7.00000
11.00000
8.00000
15.00000
13.00000
4.00000
12.00000
14.00000
4.00000
14.00000
6.00000
6.00000
5.00000
8.00000
6.00000
5.00000
3.00000
8.00000
8.00000
3.00000
8.00000
2.00000
1.00000
2.00000
3.00000
4.00000
2.00000
1.00000
4.00000
4.00000
2.00000
0.00000
3.00000
0.00000
1.00000
0.00000
4.00000
0.00000
0.00000
1.00000
2.00000
0.00000
0.00000
1.00000
0.00000
0.00000
2.00000
0.00000
0.00000
0.00000
0.00000
0.00000
1.00000
2.00000
1.00000
0.00000
1.00000
0.00000
0.00000
1.00000
0.00000
0.00000
2.00000
1.00000
4.00000
0.00000
1.00000
1.00000
0.00000
2.00000
1.00000
1.00000
1.00000
1.00000
0.00000
1.00000
0.00000
1.00000
1.00000
0.00000
1.00000
0.00000
1.00000
0.00000
0.00000
0.00000
0.00000
0.00000
0.00000
1.00000
0.00000
0.00000
0.00000
0.00000
0.00000
0.00000
0.00000
0.00000
0.00000
1.00000
1.00000
2.00000
1.00000
0.00000
0.00000
0.00000
0.00000
0.00000
0.00000
0.00000
0.00000
1.00000
1.00000
1.00000
1.00000
0.00000
0.00000
0.00000
1.00000
0.00000
0.00000
1.00000
0.00000
0.00000
0.00000
0.00000
0.00000
1.00000
0.00000
0.00000
0.00000
0.00000
0.00000
1.00000
1.00000
0.00000
0.00000
0.00000
0.00000
0.00000
0.00000
0.00000
0.00000
0.00000
1.00000
0.00000
0.00000
0.00000
0.00000
0.00000
1.00000
0.00000
0.00000
0.00000
0.00000
0.00000
1.00000
0.00000
0.00000
1.00000
0.00000
0.00000
1.00000
1.00000
0.00000
1.00000
0.00000
0.00000
0.00000
1.00000
0.00000
0.00000
0.00000
0.00000
0.00000
0.00000
1.00000
2.00000
0.00000
2.00000
0.00000
0.00000
0.00000
2.00000
1.00000
0.00000
1.00000
1.00000
1.00000
1.00000
0.00000
1.00000
0.00000
0.00000
0.00000
0.00000
0.00000
1.00000
1.00000
0.00000
1.00000
1.00000
2.00000
1.00000
0.00000
1.00000
1.00000
2.00000
0.00000
2.00000
0.00000
0.00000
1.00000
0.00000
0.00000
1.00000
2.00000
1.00000
0.00000
1.00000
0.00000
1.00000
1.00000
2.00000
3.00000
0.00000
1.00000
1.00000
1.00000
0.00000
1.00000
2.00000
1.00000
2.00000
1.00000
0.00000
0.00000
0.00000
2.00000
1.00000
0.00000
3.00000
0.00000
0.00000
0.00000
1.00000
1.00000
1.00000
0.00000
0.00000
0.00000
0.00000
0.00000
1.00000
1.00000
0.00000
0.00000
2.00000
1.00000
1.00000
1.00000
1.00000
0.00000
2.00000
2.00000
1.00000
0.00000
2.00000
4.00000
3.00000
1.00000
5.00000
5.00000
3.00000
6.00000
4.00000
5.00000
4.00000
5.00000
4.00000
8.00000
4.00000
3.00000
8.00000
11.00000
13.00000
7.00000
6.00000
15.00000
11.00000
15.00000
7.00000
13.00000
10.00000
9.00000
12.00000
10.00000
8.00000
16.00000
10.00000
10.00000
14.00000
13.00000
7.00000
9.00000
12.00000
19.00000
11.00000
10.00000
10.00000
7.00000
11.00000
8.00000
7.00000
1.00000
4.00000
3.00000
7.00000
5.00000
11.00000
4.00000
3.00000
4.00000
5.00000
4.00000
2.00000
0.00000
1.00000
4.00000
1.00000
1.00000
1.00000
1.00000
0.00000
0.00000
0.00000
0.00000
0.00000
0.00000
0.00000
0.00000
0.00000
0.00000
0.00000
1.00000
0.00000
1.00000
0.00000
0.00000
0.00000
0.00000
0.00000
0.00000
0.00000
0.00000
0.00000
0.00000
0.00000
0.00000
0.00000
0.00000
0.00000
0.00000
0.00000
0.00000
0.00000
0.00000
0.00000
0.00000
0.00000
0.00000
0.00000
0.00000
0.00000
0.00000
0.00000
0.00000
0.00000
0.00000
0.00000
0.00000
0.00000
0.00000
0.00000
0.00000
0.00000
0.00000
0.00000
0.00000
0.00000
0.00000
0.00000
0.00000
0.00000
0.00000
0.00000
0.00000
0.00000
0.00000
0.00000
0.00000
0.00000
0.00000
0.00000
0.00000
0.00000
0.00000
0.00000
0.00000
0.00000
0.00000
0.00000
0.00000
0.00000
0.00000
0.00000
0.00000
0.00000
0.00000
0.00000
0.00000
0.00000
0.00000
0.00000
0.00000
0.00000
0.00000
0.00000
0.00000
0.00000
0.00000
0.00000
0.00000
0.00000
0.00000
0.00000
0.00000
0.00000
0.00000
0.00000
0.00000
0.00000
0.00000
0.00000
0.00000
0.00000
0.00000
0.00000
0.00000
0.00000
0.00000
0.00000
0.00000
0.00000
0.00000
0.00000
0.00000
0.00000
0.00000
0.00000
0.00000
0.00000
0.00000
0.00000
0.00000
0.00000
0.00000
0.00000
0.00000
0.00000
0.00000
0.00000
0.00000
0.00000
0.00000
0.00000
0.00000
0.00000
0.00000
0.00000
0.00000
0.00000
0.00000
0.00000
0.00000
0.00000
0.00000
0.00000
0.00000
0.00000
0.00000
0.00000
0.00000
0.00000
0.00000
0.00000
0.00000
0.00000
0.00000
0.00000
0.00000
0.00000
0.00000
0.00000
0.00000
0.00000
0.00000
0.00000
0.00000
0.00000
0.00000
0.00000
0.00000
0.00000
0.00000
0.00000
0.00000
0.00000
0.00000
0.00000
0.00000
0.00000
0.00000
0.00000
0.00000
0.00000
0.00000
0.00000
0.00000
0.00000
0.00000
0.00000
0.00000
0.00000
0.00000
0.00000
0.00000
0.00000
0.00000
0.00000
0.00000
0.00000
0.00000
0.00000
0.00000
0.00000
0.00000
0.00000
0.00000
0.00000
0.00000
0.00000
0.00000
0.00000
0.00000
0.00000
0.00000
0.00000
0.00000
0.00000
0.00000
0.00000
0.00000
0.00000
0.00000
0.00000
0.00000
0.00000
0.00000
0.00000
0.00000
0.00000
0.00000
0.00000
0.00000
0.00000
0.00000
0.00000
0.00000
0.00000
0.00000
0.00000
0.00000
0.00000
0.00000
0.00000
0.00000
0.00000
0.00000
0.00000
0.00000
0.00000
0.00000
0.00000
0.00000
0.00000
0.00000
0.00000
0.00000
0.00000
0.00000
0.00000
0.00000
0.00000
0.00000
0.00000
0.00000
0.00000
0.00000
0.00000
0.00000
0.00000
0.00000
0.00000
0.00000
0.00000
0.00000
0.00000
0.00000
0.00000
0.00000
0.00000
0.00000
0.00000
0.00000
0.00000
0.00000
0.00000
0.00000
0.00000
0.00000
0.00000
0.00000
0.00000
0.00000
0.00000
0.00000
0.00000
0.00000
0.00000
0.00000
0.00000
0.00000
0.00000
0.00000
0.00000
0.00000
0.00000
0.00000
0.00000
0.00000
0.00000
0.00000
0.00000
0.00000
0.00000
0.00000
0.00000
0.00000
0.00000
0.00000
0.00000
0.00000
0.00000
0.00000
0.00000
0.00000
0.00000
0.00000
0.00000
0.00000
0.00000
0.00000
0.00000
0.00000
0.00000
0.00000
0.00000
0.00000
0.00000
0.00000
0.00000
0.00000
0.00000
0.00000
0.00000
0.00000
0.00000
0.00000
0.00000
0.00000
0.00000
0.00000
0.00000
0.00000
0.00000
0.00000
0.00000
0.00000
0.00000
0.00000
0.00000
0.00000
0.00000
0.00000
0.00000
0.00000
0.00000
0.00000
0.00000
0.00000
0.00000
0.00000
0.00000
1.00000
0.00000
0.00000
0.00000
0.00000
0.00000
0.00000
0.00000
0.00000
0.00000
0.00000
0.00000
0.00000
0.00000
0.00000
0.00000
0.00000
0.00000
0.00000
0.00000
0.00000
0.00000
0.00000
0.00000
0.00000
0.00000
0.00000
0.00000
0.00000
0.00000
0.00000
0.00000
0.00000
0.00000
1.00000
0.00000
0.00000
0.00000
0.00000
0.00000
0.00000
0.00000
0.00000
0.00000
0.00000
0.00000
0.00000
0.00000
0.00000
0.00000
0.00000
0.00000
0.00000
0.00000
0.00000
0.00000
0.00000
0.00000
0.00000
0.00000
0.00000
0.00000
0.00000
0.00000
0.00000
0.00000
0.00000
0.00000
